Graph 1_sub
8 7
1 1 4 4 4 4 1 4 
1 5
1 4
1 3
1 2
2 8
2 7
2 6

Graph 2_sub
8 7
1 4 1 1 1 1 4 1 
1 4
1 3
1 2
3 6
3 5
5 8
5 7

Graph 3_sub
8 7
4 1 4 4 1 2 5 1 
1 2
2 5
2 4
2 3
5 7
5 6
7 8

Graph 4_sub
8 7
2 6 2 2 1 4 1 1 
1 2
2 5
2 4
2 3
4 6
5 8
5 7

Graph 5_sub
8 7
1 6 4 1 4 2 2 2 
1 5
1 4
1 3
1 2
2 8
2 7
2 6

Graph 6_sub
8 7
4 1 1 1 1 8 4 1 
1 2
2 4
2 3
3 6
3 5
5 8
5 7

Graph 7_sub
8 7
2 1 1 2 1 1 4 1 
1 2
2 4
2 3
3 6
3 5
5 8
5 7

Graph 8_sub
8 7
2 1 1 2 1 1 2 1 
1 2
2 4
2 3
3 6
3 5
5 8
5 7

Graph 9_sub
8 7
4 1 1 1 1 4 6 1 
1 2
2 4
2 3
3 6
3 5
5 8
5 7

Graph 10_sub
8 7
4 1 1 1 1 4 1 4 
1 2
2 4
2 3
3 6
3 5
5 8
5 7

Graph 11_sub
8 7
4 1 4 4 1 1 1 1 
1 2
2 5
2 4
2 3
5 8
5 7
5 6

Graph 12_sub
8 7
4 1 1 1 1 1 1 4 
1 2
2 4
2 3
3 6
3 5
5 8
5 7

Graph 13_sub
8 7
6 1 6 1 1 4 1 1 
1 3
1 2
2 5
2 4
4 7
4 6
7 8

Graph 14_sub
8 7
5 1 1 4 1 1 4 1 
1 4
1 3
1 2
2 6
2 5
5 8
5 7

Graph 15_sub
8 7
4 6 1 1 1 1 1 1 
1 2
2 3
3 5
3 4
4 7
4 6
6 8

Graph 16_sub
8 7
1 4 1 1 4 1 1 4 
1 4
1 3
1 2
3 6
3 5
6 8
6 7

Graph 17_sub
8 7
4 1 1 1 1 4 1 4 
1 2
2 4
2 3
3 6
3 5
5 8
5 7

Graph 18_sub
8 7
1 4 1 1 4 1 4 1 
1 4
1 3
1 2
3 6
3 5
6 8
6 7

Graph 19_sub
8 7
4 1 1 1 1 4 1 4 
1 2
2 4
2 3
3 6
3 5
5 8
5 7

Graph 20_sub
8 7
1 4 4 1 4 1 5 4 
1 5
1 4
1 3
1 2
4 8
4 7
4 6

Graph 21_sub
8 7
1 6 1 1 1 1 1 1 
1 4
1 3
1 2
2 5
5 7
5 6
6 8

Graph 22_sub
8 7
4 1 6 4 1 2 2 2 
1 2
2 5
2 4
2 3
3 8
3 7
3 6

Graph 23_sub
8 7
1 1 1 4 1 1 4 4 
1 4
1 3
1 2
2 6
2 5
5 8
5 7

Graph 24_sub
8 7
1 1 4 4 1 4 4 5 
1 5
1 4
1 3
1 2
2 8
2 7
2 6

Graph 25_sub
8 7
4 1 1 1 4 4 4 4 
1 2
2 5
2 4
2 3
3 8
3 7
3 6

Graph 26_sub
8 7
1 1 1 4 4 1 1 1 
1 4
1 3
1 2
2 6
2 5
6 8
6 7

Graph 27_sub
8 7
1 4 4 1 1 1 4 4 
1 5
1 4
1 3
1 2
4 8
4 7
4 6

Graph 28_sub
8 7
4 1 1 1 1 8 1 1 
1 2
2 4
2 3
3 6
3 5
5 8
5 7

Graph 29_sub
8 7
4 1 1 1 4 1 1 1 
1 2
2 4
2 3
3 6
3 5
6 8
6 7

Graph 30_sub
8 7
1 1 1 4 1 4 1 4 
1 4
1 3
1 2
2 6
2 5
5 8
5 7

Graph 31_sub
8 7
4 1 1 4 5 4 4 6 
1 2
2 5
2 4
2 3
3 8
3 7
3 6

Graph 32_sub
8 7
1 4 4 5 4 1 1 4 
1 5
1 4
1 3
1 2
4 7
4 6
6 8

Graph 33_sub
8 7
4 5 1 4 1 5 1 5 
1 2
2 4
2 3
3 6
3 5
5 8
5 7

Graph 34_sub
8 7
1 1 2 2 5 4 1 4 
1 4
1 3
1 2
2 7
2 6
2 5
5 8

Graph 35_sub
8 8
5 5 5 1 1 1 5 1 
1 3
1 2
2 4
3 5
4 6
4 5
5 7
7 8

Graph 36_sub
8 7
1 4 4 4 6 2 2 2 
1 5
1 4
1 3
1 2
5 8
5 7
5 6

Graph 37_sub
8 7
1 5 5 5 1 1 5 5 
1 4
1 3
1 2
2 5
5 7
5 6
6 8

Graph 38_sub
8 7
1 5 5 4 1 1 5 1 
1 4
1 3
1 2
2 5
5 7
5 6
6 8

Graph 39_sub
8 7
1 1 1 1 1 1 4 1 
1 4
1 3
1 2
2 6
2 5
5 8
5 7

Graph 40_sub
8 7
4 1 4 8 1 5 4 4 
1 2
2 5
2 4
2 3
5 8
5 7
5 6

Graph 41_sub
8 7
4 1 4 4 6 2 1 4 
1 2
2 5
2 4
2 3
5 7
5 6
7 8

Graph 42_sub
8 7
1 1 2 4 4 1 4 4 
1 5
1 4
1 3
1 2
2 8
2 7
2 6

Graph 43_sub
8 7
4 1 4 1 1 4 1 4 
1 2
2 5
2 4
2 3
4 8
4 7
4 6

Graph 44_sub
8 7
1 2 1 1 1 10 2 2 
1 5
1 4
1 3
1 2
2 6
6 8
6 7

Graph 45_sub
8 7
4 1 1 1 1 4 5 4 
1 2
2 4
2 3
3 6
3 5
5 8
5 7

Graph 46_sub
8 7
1 1 5 1 1 4 1 4 
1 4
1 3
1 2
2 6
2 5
5 8
5 7

Graph 47_sub
8 7
1 8 1 1 1 6 4 1 
1 4
1 3
1 2
3 6
3 5
5 8
5 7

Graph 48_sub
8 7
4 1 1 1 4 1 1 6 
1 2
2 4
2 3
3 6
3 5
6 8
6 7

Graph 49_sub
8 7
4 1 1 1 1 4 1 6 
1 2
2 4
2 3
3 6
3 5
5 8
5 7

Graph 50_sub
8 7
4 1 1 4 4 1 1 1 
1 2
2 5
2 4
2 3
3 7
3 6
6 8

Graph 51_sub
8 7
4 1 2 4 4 1 1 1 
1 2
2 5
2 4
2 3
3 6
6 8
6 7

Graph 52_sub
8 7
2 1 4 2 1 1 5 1 
1 3
1 2
2 5
2 4
5 8
5 7
5 6

Graph 53_sub
8 7
1 11 11 1 4 1 2 1 
1 5
1 4
1 3
1 2
4 7
4 6
6 8

Graph 54_sub
8 7
4 1 4 1 4 4 4 2 
1 2
2 5
2 4
2 3
4 8
4 7
4 6

Graph 55_sub
8 7
1 4 1 2 4 4 4 4 
1 5
1 4
1 3
1 2
3 8
3 7
3 6

Graph 56_sub
8 8
1 4 1 1 4 4 4 4 
1 5
1 4
1 3
1 2
3 7
3 6
3 4
4 8

Graph 57_sub
8 7
4 1 1 1 4 1 1 2 
1 2
2 5
2 4
2 3
3 8
3 7
3 6

Graph 58_sub
8 7
1 2 2 1 4 1 1 4 
1 4
1 3
1 2
3 5
4 7
4 6
6 8

Graph 59_sub
8 7
1 4 1 2 4 4 4 1 
1 5
1 4
1 3
1 2
3 8
3 7
3 6

Graph 60_sub
8 7
1 5 1 1 2 2 4 1 
1 4
1 3
1 2
2 6
2 5
3 8
3 7

Graph 61_sub
8 7
4 2 1 1 1 2 1 4 
1 2
2 3
3 5
3 4
4 7
4 6
6 8

Graph 62_sub
8 7
4 1 4 1 6 4 6 4 
1 2
2 5
2 4
2 3
4 8
4 7
4 6

Graph 63_sub
8 7
4 1 1 1 8 1 1 6 
1 2
2 4
2 3
3 6
3 5
6 8
6 7

Graph 64_sub
8 7
1 1 4 4 1 1 1 1 
1 5
1 4
1 3
1 2
2 8
2 7
2 6

Graph 65_sub
8 7
1 1 4 4 4 1 1 1 
1 5
1 4
1 3
1 2
2 8
2 7
2 6

Graph 66_sub
8 7
2 1 2 1 4 1 4 1 
1 2
2 4
2 3
3 5
4 8
4 7
4 6

Graph 67_sub
8 7
1 1 1 4 1 4 1 4 
1 5
1 4
1 3
1 2
2 8
2 7
2 6

Graph 68_sub
8 7
4 1 1 1 1 4 4 1 
1 2
2 4
2 3
3 6
3 5
5 8
5 7

Graph 69_sub
8 7
4 1 5 1 4 1 1 1 
1 2
2 5
2 4
2 3
3 7
3 6
6 8

Graph 70_sub
8 7
1 2 1 1 1 1 1 4 
1 4
1 3
1 2
3 6
3 5
5 8
5 7

Graph 71_sub
8 7
4 1 4 2 1 1 4 4 
1 2
2 5
2 4
2 3
4 6
6 8
6 7

Graph 72_sub
8 7
12 5 5 5 5 5 5 4 
1 7
1 6
1 5
1 4
1 3
1 2
2 8

Graph 73_sub
8 7
4 1 4 1 4 1 2 4 
1 2
2 5
2 4
2 3
4 8
4 7
4 6

Graph 74_sub
8 7
4 1 4 1 2 4 2 1 
1 2
2 5
2 4
2 3
4 8
4 7
4 6

Graph 75_sub
8 7
4 1 1 4 2 4 1 2 
1 2
2 5
2 4
2 3
3 8
3 7
3 6

Graph 76_sub
8 7
4 1 1 4 4 2 2 1 
1 2
2 5
2 4
2 3
3 7
3 6
6 8

Graph 77_sub
8 7
1 4 1 4 5 4 4 4 
1 5
1 4
1 3
1 2
3 8
3 7
3 6

Graph 78_sub
8 7
1 1 4 4 4 2 2 1 
1 5
1 4
1 3
1 2
2 7
2 6
7 8

Graph 79_sub
8 7
5 1 1 1 5 1 1 4 
1 3
1 2
2 5
2 4
4 7
4 6
6 8

Graph 80_sub
8 7
2 1 2 1 3 2 2 2 
1 2
2 4
2 3
3 5
5 8
5 7
5 6

Graph 81_sub
8 7
2 5 1 1 1 4 1 4 
1 2
2 3
3 5
3 4
4 7
4 6
7 8

Graph 82_sub
8 7
4 1 1 1 4 1 2 1 
1 2
2 4
2 3
3 6
3 5
6 8
6 7

Graph 83_sub
8 7
1 1 4 1 1 1 2 1 
1 4
1 3
1 2
2 6
2 5
5 8
5 7

Graph 84_sub
8 7
5 1 1 1 4 4 5 1 
1 4
1 3
1 2
2 7
2 6
2 5
7 8

Graph 85_sub
8 7
4 2 1 1 4 4 1 1 
1 2
2 3
3 6
3 5
3 4
4 8
4 7

Graph 86_sub
8 7
4 2 1 1 4 1 1 4 
1 2
2 3
3 6
3 5
3 4
4 8
4 7

Graph 87_sub
8 7
1 4 5 4 4 1 1 4 
1 5
1 4
1 3
1 2
3 7
3 6
6 8

Graph 88_sub
8 7
1 1 1 1 1 4 4 1 
1 4
1 3
1 2
2 6
2 5
5 8
5 7

Graph 89_sub
8 7
4 1 1 4 1 1 1 4 
1 2
2 5
2 4
2 3
3 7
3 6
6 8

Graph 90_sub
8 7
4 5 1 1 5 5 4 4 
1 2
2 4
2 3
3 6
3 5
5 7
6 8

Graph 91_sub
8 7
2 6 2 2 1 4 1 4 
1 2
2 5
2 4
2 3
4 6
5 8
5 7

Graph 92_sub
8 7
6 1 6 5 1 4 4 1 
1 2
2 4
2 3
3 5
5 8
5 7
5 6

Graph 93_sub
8 7
4 1 4 1 1 4 1 4 
1 2
2 5
2 4
2 3
4 8
4 7
4 6

Graph 94_sub
8 7
6 1 1 6 4 4 1 4 
1 3
1 2
2 6
2 5
2 4
4 7
7 8

Graph 95_sub
8 7
1 1 2 2 1 1 1 4 
1 4
1 3
1 2
2 7
2 6
2 5
5 8

Graph 96_sub
8 7
4 1 1 1 1 1 1 1 
1 2
2 4
2 3
3 6
3 5
5 8
5 7

Graph 97_sub
8 7
1 5 5 1 4 5 5 4 
1 3
1 2
3 5
3 4
4 7
4 6
6 8

Graph 98_sub
8 7
4 1 1 1 1 4 4 1 
1 2
2 5
2 4
2 3
3 8
3 7
3 6

Graph 99_sub
8 7
2 14 2 1 2 4 1 1 
1 2
2 5
2 4
2 3
3 6
4 8
4 7

Graph 100_sub
8 7
4 1 1 1 1 4 1 4 
1 2
2 4
2 3
3 6
3 5
5 8
5 7

Graph 101_sub
8 7
4 1 4 1 4 4 2 4 
1 2
2 5
2 4
2 3
4 8
4 7
4 6

Graph 102_sub
8 7
4 2 6 2 2 1 4 1 
1 2
2 3
3 6
3 5
3 4
6 8
6 7

Graph 103_sub
8 7
6 1 1 4 4 1 4 4 
1 3
1 2
2 6
2 5
2 4
6 8
6 7

Graph 104_sub
8 7
4 1 1 1 4 4 1 1 
1 2
2 4
2 3
3 7
3 6
3 5
7 8

Graph 105_sub
8 7
1 1 4 1 4 1 4 4 
1 5
1 4
1 3
1 2
2 8
2 7
2 6

Graph 106_sub
8 7
4 1 1 1 4 1 4 4 
1 2
2 5
2 4
2 3
3 8
3 7
3 6

Graph 107_sub
8 7
4 1 6 4 2 2 2 2 
1 2
2 5
2 4
2 3
3 8
3 7
3 6

Graph 108_sub
8 7
1 5 1 1 1 4 1 4 
1 4
1 3
1 2
2 5
5 7
5 6
7 8

Graph 109_sub
8 7
1 1 4 4 5 1 1 4 
1 5
1 4
1 3
1 2
2 7
2 6
6 8

Graph 110_sub
8 7
4 1 1 1 4 1 1 1 
1 2
2 4
2 3
3 6
3 5
6 8
6 7

Graph 111_sub
8 7
4 1 1 1 1 6 4 1 
1 2
2 4
2 3
3 6
3 5
5 8
5 7

Graph 112_sub
8 7
4 1 1 1 4 1 1 4 
1 2
2 5
2 4
2 3
3 8
3 7
3 6

Graph 113_sub
8 7
2 1 4 1 1 4 2 1 
1 3
1 2
2 6
2 5
2 4
4 8
4 7

Graph 114_sub
8 7
2 1 2 1 4 1 2 4 
1 2
2 4
2 3
3 5
4 8
4 7
4 6

Graph 115_sub
8 7
6 2 2 5 1 1 4 1 
1 5
1 4
1 3
1 2
4 7
4 6
6 8

Graph 116_sub
8 7
5 7 7 8 5 8 7 8 
1 3
1 2
2 6
2 5
2 4
5 7
7 8

Graph 117_sub
8 7
4 1 1 1 4 1 4 1 
1 2
2 4
2 3
3 6
3 5
6 8
6 7

Graph 118_sub
8 7
4 1 6 4 1 2 2 2 
1 2
2 5
2 4
2 3
3 8
3 7
3 6

Graph 119_sub
8 7
4 1 1 1 4 1 6 1 
1 2
2 4
2 3
3 6
3 5
6 8
6 7

Graph 120_sub
8 7
2 6 1 2 2 4 1 4 
1 2
2 5
2 4
2 3
3 8
3 7
3 6

Graph 121_sub
8 7
4 1 1 4 1 4 6 4 
1 2
2 5
2 4
2 3
3 8
3 7
3 6

Graph 122_sub
8 7
1 1 4 4 4 4 4 2 
1 5
1 4
1 3
1 2
2 8
2 7
2 6

Graph 123_sub
8 7
2 6 1 2 1 4 1 4 
1 2
2 5
2 4
2 3
3 8
3 7
3 6

Graph 124_sub
8 7
4 1 4 4 1 4 4 1 
1 2
2 5
2 4
2 3
5 8
5 7
5 6

Graph 125_sub
8 7
1 4 1 4 2 1 4 4 
1 5
1 4
1 3
1 2
3 8
3 7
3 6

Graph 126_sub
8 7
1 1 4 4 1 1 4 2 
1 5
1 4
1 3
1 2
2 8
2 7
2 6

Graph 127_sub
8 7
4 1 1 1 4 2 4 4 
1 2
2 5
2 4
2 3
3 8
3 7
3 6

Graph 128_sub
8 7
4 1 1 4 5 2 2 4 
1 2
2 5
2 4
2 3
3 7
3 6
6 8

Graph 129_sub
8 7
4 1 1 1 4 1 1 1 
1 2
2 4
2 3
3 6
3 5
6 8
6 7

Graph 130_sub
8 7
4 5 1 1 5 4 1 4 
1 2
2 4
2 3
3 7
3 6
3 5
5 8

Graph 131_sub
8 7
1 4 1 5 4 1 1 4 
1 5
1 4
1 3
1 2
3 7
3 6
6 8

Graph 132_sub
8 7
4 1 4 4 5 1 1 4 
1 2
2 5
2 4
2 3
5 7
5 6
6 8

Graph 133_sub
8 7
1 6 4 4 6 1 2 2 
1 5
1 4
1 3
1 2
2 8
2 7
2 6

Graph 134_sub
8 7
8 1 8 1 8 2 4 2 
1 2
2 5
2 4
2 3
4 8
4 7
4 6

Graph 135_sub
8 7
4 1 1 1 4 1 1 2 
1 2
2 4
2 3
3 6
3 5
6 8
6 7

Graph 136_sub
8 7
1 1 2 4 1 2 1 4 
1 5
1 4
1 3
1 2
2 8
2 7
2 6

Graph 137_sub
8 7
4 1 1 6 4 2 5 4 
1 2
2 5
2 4
2 3
3 7
3 6
7 8

Graph 138_sub
8 8
2 1 15 1 2 2 2 2 
1 3
1 2
2 5
2 4
3 8
3 7
4 7
4 6

Graph 139_sub
8 7
1 2 2 1 16 2 5 2 
1 4
1 3
1 2
3 5
5 8
5 7
5 6

Graph 140_sub
8 7
1 1 4 1 4 1 1 1 
1 5
1 4
1 3
1 2
2 8
2 7
2 6

Graph 141_sub
8 7
1 1 1 1 1 1 4 4 
1 4
1 3
1 2
2 6
2 5
5 8
5 7

Graph 142_sub
8 7
4 1 1 1 4 1 4 4 
1 2
2 5
2 4
2 3
3 8
3 7
3 6

Graph 143_sub
8 7
2 1 1 2 1 1 1 4 
1 2
2 4
2 3
3 7
3 6
3 5
5 8

Graph 144_sub
8 7
4 1 1 1 4 1 1 1 
1 2
2 4
2 3
3 6
3 5
6 8
6 7

Graph 145_sub
8 7
4 1 1 1 1 4 4 1 
1 2
2 4
2 3
3 6
3 5
5 8
5 7

Graph 146_sub
8 7
4 1 4 1 4 2 1 1 
1 2
2 5
2 4
2 3
4 8
4 7
4 6

Graph 147_sub
8 7
2 1 4 1 1 4 4 4 
1 3
1 2
2 6
2 5
2 4
4 8
4 7

Graph 148_sub
8 7
8 1 1 1 1 4 1 8 
1 2
2 5
2 4
2 3
3 8
3 7
3 6

Graph 149_sub
8 7
4 1 1 1 1 4 1 1 
1 2
2 4
2 3
3 6
3 5
5 8
5 7

Graph 150_sub
8 7
1 5 4 4 4 4 1 4 
1 5
1 4
1 3
1 2
2 7
2 6
7 8

Graph 151_sub
8 7
4 1 1 4 4 1 1 4 
1 2
2 5
2 4
2 3
3 8
3 7
3 6

Graph 152_sub
8 7
4 1 2 4 4 1 1 1 
1 2
2 5
2 4
2 3
3 6
6 8
6 7

Graph 20602_sub
8 7
5 1 1 1 1 4 1 1 
1 2
2 3
3 5
3 4
4 7
4 6
7 8

Graph 154_sub
8 7
4 5 4 1 5 5 1 1 
1 2
2 4
2 3
4 6
4 5
5 7
7 8

Graph 155_sub
8 7
1 1 1 5 1 1 1 1 
1 4
1 3
1 2
2 6
2 5
5 8
5 7

Graph 156_sub
8 7
2 5 1 2 1 1 1 4 
1 2
2 4
2 3
3 6
3 5
5 8
5 7

Graph 157_sub
8 7
4 5 1 5 5 1 4 5 
1 2
2 3
3 5
3 4
4 7
4 6
6 8

Graph 158_sub
8 7
4 2 1 4 4 1 1 1 
1 2
2 3
3 6
3 5
3 4
6 8
6 7

Graph 159_sub
8 7
4 1 1 4 8 4 4 5 
1 2
2 5
2 4
2 3
3 8
3 7
3 6

Graph 160_sub
8 7
4 1 4 5 4 1 1 1 
1 2
2 5
2 4
2 3
4 7
4 6
6 8

Graph 161_sub
8 7
1 4 4 4 5 1 1 1 
1 5
1 4
1 3
1 2
5 8
5 7
5 6

Graph 162_sub
8 7
4 1 1 4 1 1 4 4 
1 2
2 5
2 4
2 3
3 8
3 7
3 6

Graph 163_sub
8 7
1 1 1 4 1 5 1 2 
1 4
1 3
1 2
2 6
2 5
5 8
5 7

Graph 164_sub
8 7
4 2 1 5 1 1 2 5 
1 2
2 3
3 5
3 4
4 6
6 8
6 7

Graph 165_sub
8 7
5 4 1 1 1 4 4 4 
1 4
1 3
1 2
3 7
3 6
3 5
5 8

Graph 166_sub
8 7
1 5 1 1 2 4 1 1 
1 4
1 3
1 2
2 5
3 7
3 6
7 8

Graph 167_sub
8 7
4 1 1 1 1 5 2 5 
1 2
2 5
2 4
2 3
3 7
3 6
6 8

Graph 168_sub
8 7
5 1 4 5 2 1 1 4 
1 4
1 3
1 2
2 6
2 5
6 8
6 7

Graph 169_sub
8 8
4 1 1 1 2 1 1 5 
1 2
2 4
2 3
3 6
3 5
4 7
5 7
7 8

Graph 170_sub
8 7
4 1 4 5 4 3 1 2 
1 2
2 5
2 4
2 3
4 7
4 6
6 8

Graph 171_sub
8 7
4 1 4 2 1 6 2 2 
1 2
2 5
2 4
2 3
4 6
6 8
6 7

Graph 172_sub
8 7
4 1 1 4 1 4 4 4 
1 2
2 5
2 4
2 3
3 8
3 7
3 6

Graph 173_sub
8 7
4 1 2 4 4 1 1 1 
1 2
2 5
2 4
2 3
3 6
6 8
6 7

Graph 174_sub
8 7
1 1 4 5 4 4 6 1 
1 5
1 4
1 3
1 2
2 8
2 7
2 6

Graph 175_sub
8 7
1 1 1 1 1 4 1 4 
1 4
1 3
1 2
2 6
2 5
5 8
5 7

Graph 176_sub
8 7
1 5 4 1 5 1 1 2 
1 5
1 4
1 3
1 2
2 7
2 6
6 8

Graph 177_sub
8 7
4 1 4 1 1 1 1 1 
1 2
2 5
2 4
2 3
4 8
4 7
4 6

Graph 178_sub
8 7
1 2 5 1 1 1 4 1 
1 4
1 3
1 2
3 6
3 5
5 8
5 7

Graph 179_sub
8 7
4 2 1 4 1 1 1 4 
1 2
2 3
3 6
3 5
3 4
5 8
5 7

Graph 180_sub
8 7
4 1 1 1 2 1 1 4 
1 2
2 4
2 3
3 6
3 5
5 7
7 8

Graph 181_sub
8 7
1 4 1 1 1 4 1 5 
1 5
1 4
1 3
1 2
3 8
3 7
3 6

Graph 182_sub
8 7
1 1 1 5 1 4 1 4 
1 4
1 3
1 2
2 6
2 5
5 8
5 7

Graph 183_sub
8 7
4 1 4 5 1 1 5 6 
1 2
2 5
2 4
2 3
4 6
6 8
6 7

Graph 184_sub
8 7
4 1 4 1 4 1 4 4 
1 2
2 5
2 4
2 3
4 8
4 7
4 6

Graph 185_sub
8 7
2 1 5 6 1 1 1 1 
1 2
2 4
2 3
3 6
3 5
5 8
5 7

Graph 186_sub
8 7
1 4 4 1 4 4 4 1 
1 5
1 4
1 3
1 2
4 8
4 7
4 6

Graph 187_sub
8 7
4 5 6 4 1 2 2 1 
1 2
2 4
2 3
3 7
3 6
3 5
5 8

Graph 188_sub
8 7
2 4 1 5 5 1 2 1 
1 3
1 2
3 5
3 4
4 6
6 8
6 7

Graph 189_sub
8 7
1 4 1 6 4 4 4 4 
1 5
1 4
1 3
1 2
3 8
3 7
3 6

Graph 190_sub
8 7
2 4 1 5 1 1 2 5 
1 3
1 2
3 5
3 4
4 6
6 8
6 7

Graph 191_sub
8 7
4 1 1 1 4 1 1 1 
1 2
2 4
2 3
3 6
3 5
6 8
6 7

Graph 192_sub
8 7
2 4 1 2 1 4 4 1 
1 3
1 2
3 5
3 4
5 8
5 7
5 6

Graph 193_sub
8 7
1 1 4 1 4 1 1 1 
1 4
1 3
1 2
2 6
2 5
6 8
6 7

Graph 194_sub
8 7
1 1 4 4 4 4 6 5 
1 5
1 4
1 3
1 2
2 8
2 7
2 6

Graph 195_sub
8 7
5 1 5 4 1 5 5 4 
1 2
2 3
3 5
3 4
5 7
5 6
6 8

Graph 196_sub
8 7
4 5 1 5 2 1 1 4 
1 2
2 4
2 3
3 6
3 5
6 8
6 7

Graph 197_sub
8 7
2 1 5 1 5 1 1 1 
1 2
2 4
2 3
3 6
3 5
5 8
5 7

Graph 198_sub
8 7
4 1 4 1 1 4 4 1 
1 2
2 5
2 4
2 3
4 8
4 7
4 6

Graph 199_sub
8 7
4 1 1 1 5 1 4 4 
1 2
2 4
2 3
3 6
3 5
5 8
5 7

Graph 200_sub
8 7
4 1 1 4 4 4 4 1 
1 2
2 5
2 4
2 3
3 8
3 7
3 6

Graph 201_sub
8 7
1 4 1 1 1 4 5 4 
1 4
1 3
1 2
3 6
3 5
5 8
5 7

Graph 202_sub
8 7
4 5 1 1 5 5 1 5 
1 2
2 4
2 3
3 6
3 5
5 7
7 8

Graph 203_sub
8 7
5 1 1 1 4 4 1 1 
1 3
1 2
2 5
2 4
4 7
4 6
7 8

Graph 204_sub
8 7
4 1 1 1 8 1 4 1 
1 2
2 4
2 3
3 6
3 5
6 8
6 7

Graph 205_sub
8 7
4 1 4 1 1 1 4 4 
1 2
2 5
2 4
2 3
4 8
4 7
4 6

Graph 206_sub
8 7
6 1 3 6 5 1 1 1 
1 3
1 2
2 5
2 4
4 6
6 8
6 7

Graph 207_sub
8 7
1 1 1 4 4 1 1 1 
1 4
1 3
1 2
2 6
2 5
6 8
6 7

Graph 208_sub
8 7
1 4 6 1 6 1 1 1 
1 4
1 3
1 2
3 5
5 6
6 7
7 8

Graph 209_sub
8 7
2 3 1 1 5 2 5 2 
1 4
1 3
1 2
2 7
2 6
2 5
5 8

Graph 210_sub
8 7
1 1 1 1 2 2 3 5 
1 4
1 3
1 2
2 6
2 5
6 7
7 8

Graph 211_sub
8 7
1 5 1 1 1 1 4 1 
1 4
1 3
1 2
2 5
5 7
5 6
6 8

Graph 212_sub
8 7
4 1 1 5 4 4 4 4 
1 2
2 5
2 4
2 3
3 8
3 7
3 6

Graph 213_sub
8 7
1 4 2 4 1 1 1 4 
1 5
1 4
1 3
1 2
3 6
6 8
6 7

Graph 214_sub
8 8
1 5 1 1 5 1 4 2 
1 4
1 3
1 2
2 5
3 6
5 7
5 6
6 8

Graph 215_sub
8 7
2 1 1 2 1 1 4 1 
1 3
1 2
2 5
2 4
5 7
5 6
6 8

Graph 216_sub
8 7
4 1 5 4 4 1 1 4 
1 2
2 5
2 4
2 3
3 7
3 6
6 8

Graph 217_sub
8 7
1 1 4 1 1 4 5 1 
1 4
1 3
1 2
2 6
2 5
5 8
5 7

Graph 218_sub
8 7
1 4 1 1 1 5 4 1 
1 4
1 3
1 2
3 6
3 5
5 8
5 7

Graph 219_sub
8 7
1 1 5 1 5 1 1 4 
1 4
1 3
1 2
2 6
2 5
5 7
7 8

Graph 220_sub
8 7
1 4 4 4 1 1 5 4 
1 5
1 4
1 3
1 2
5 7
5 6
6 8

Graph 221_sub
8 7
2 6 2 2 1 4 1 1 
1 2
2 5
2 4
2 3
3 6
5 8
5 7

Graph 222_sub
8 7
1 1 1 4 1 4 1 4 
1 4
1 3
1 2
2 6
2 5
5 8
5 7

Graph 223_sub
8 7
4 1 1 1 1 4 1 1 
1 2
2 4
2 3
3 6
3 5
5 8
5 7

Graph 224_sub
8 7
4 1 4 4 2 1 1 1 
1 2
2 5
2 4
2 3
5 6
6 8
6 7

Graph 225_sub
8 7
1 1 1 1 5 2 1 5 
1 4
1 3
1 2
2 6
2 5
5 7
7 8

Graph 226_sub
7 6
4 2 6 2 2 2 4 
1 2
2 3
3 6
3 5
3 4
6 7

Graph 227_sub
8 7
1 4 1 1 4 1 4 4 
1 5
1 4
1 3
1 2
3 8
3 7
3 6

Graph 228_sub
8 7
1 5 5 5 1 5 6 1 
1 4
1 3
1 2
2 5
5 7
5 6
6 8

Graph 229_sub
8 7
5 4 4 1 5 5 1 5 
1 4
1 3
1 2
4 6
4 5
5 7
7 8

Graph 230_sub
8 7
1 1 5 4 4 4 5 4 
1 5
1 4
1 3
1 2
2 8
2 7
2 6

Graph 231_sub
8 8
4 5 5 1 5 5 5 4 
1 2
2 4
2 3
3 5
4 7
4 6
5 6
7 8

Graph 232_sub
8 7
1 1 5 1 4 1 6 1 
1 4
1 3
1 2
2 6
2 5
6 8
6 7

Graph 233_sub
8 7
5 1 8 1 5 2 8 1 
1 4
1 3
1 2
2 6
2 5
5 8
5 7

Graph 234_sub
8 7
1 5 5 5 4 4 1 5 
1 4
1 3
1 2
2 6
2 5
3 7
7 8

Graph 235_sub
8 7
1 1 1 4 4 1 1 1 
1 4
1 3
1 2
2 6
2 5
6 8
6 7

Graph 236_sub
8 7
1 8 1 1 1 1 5 4 
1 4
1 3
1 2
3 6
3 5
5 8
5 7

Graph 237_sub
8 7
1 2 1 1 4 1 2 1 
1 5
1 4
1 3
1 2
2 6
6 8
6 7

Graph 238_sub
8 7
1 4 1 1 1 4 4 1 
1 4
1 3
1 2
3 6
3 5
5 8
5 7

Graph 239_sub
8 7
4 1 1 4 4 1 1 1 
1 2
2 5
2 4
2 3
3 8
3 7
3 6

Graph 240_sub
8 7
4 1 1 18 4 4 4 1 
1 2
2 5
2 4
2 3
3 8
3 7
3 6

Graph 241_sub
8 7
1 1 1 4 4 1 5 1 
1 4
1 3
1 2
2 6
2 5
6 8
6 7

Graph 242_sub
8 7
1 1 1 4 2 1 1 4 
1 4
1 3
1 2
2 6
2 5
5 7
7 8

Graph 243_sub
8 7
11 1 6 11 11 2 2 2 
1 2
2 5
2 4
2 3
3 8
3 7
3 6

Graph 244_sub
8 7
4 1 1 1 1 2 2 2 
1 2
2 4
2 3
3 6
3 5
5 8
5 7

Graph 245_sub
8 7
1 5 6 6 4 5 4 1 
1 4
1 3
1 2
2 6
2 5
6 8
6 7

Graph 246_sub
8 7
6 1 4 1 1 4 4 4 
1 3
1 2
2 6
2 5
2 4
4 8
4 7

Graph 247_sub
8 7
4 2 1 1 2 1 2 2 
1 2
2 3
3 6
3 5
3 4
4 8
4 7

Graph 248_sub
8 7
1 4 1 4 4 1 2 4 
1 5
1 4
1 3
1 2
3 7
3 6
6 8

Graph 249_sub
8 7
1 2 1 1 20 2 2 2 
1 4
1 3
1 2
2 5
5 8
5 7
5 6

Graph 250_sub
8 7
4 1 1 4 4 2 2 1 
1 2
2 5
2 4
2 3
3 7
3 6
7 8

Graph 251_sub
8 7
5 4 1 5 6 4 5 1 
1 3
1 2
3 5
3 4
4 7
4 6
7 8

Graph 252_sub
8 7
1 4 5 4 4 1 1 4 
1 5
1 4
1 3
1 2
3 7
3 6
6 8

Graph 253_sub
8 7
6 2 2 2 2 1 1 4 
1 5
1 4
1 3
1 2
3 6
6 8
6 7

Graph 254_sub
8 7
1 4 1 1 4 1 4 1 
1 4
1 3
1 2
3 6
3 5
6 8
6 7

Graph 255_sub
8 7
1 1 6 1 1 4 1 4 
1 4
1 3
1 2
2 6
2 5
5 8
5 7

Graph 256_sub
8 7
4 1 1 1 1 7 4 1 
1 2
2 4
2 3
3 6
3 5
5 8
5 7

Graph 257_sub
8 7
1 4 5 4 4 1 1 4 
1 5
1 4
1 3
1 2
3 7
3 6
6 8

Graph 258_sub
8 7
5 2 1 1 1 1 4 4 
1 3
1 2
3 5
3 4
4 7
4 6
6 8

Graph 259_sub
8 8
1 1 1 1 2 2 1 2 
1 4
1 3
1 2
2 6
2 5
4 7
5 7
7 8

Graph 260_sub
8 7
1 1 5 4 4 4 1 4 
1 5
1 4
1 3
1 2
2 8
2 7
2 6

Graph 261_sub
8 7
4 2 6 2 2 1 1 4 
1 2
2 3
3 6
3 5
3 4
6 8
6 7

Graph 262_sub
8 7
4 1 5 1 4 1 1 4 
1 2
2 5
2 4
2 3
3 7
3 6
6 8

Graph 263_sub
8 7
4 1 1 1 6 1 2 5 
1 2
2 4
2 3
3 6
3 5
5 8
5 7

Graph 264_sub
8 7
2 4 1 1 1 1 2 1 
1 3
1 2
3 5
3 4
4 7
4 6
6 8

Graph 265_sub
8 7
4 1 5 5 1 1 1 5 
1 2
2 4
2 3
3 5
5 7
5 6
6 8

Graph 266_sub
8 7
1 1 6 1 5 2 1 5 
1 4
1 3
1 2
2 6
2 5
5 7
7 8

Graph 267_sub
8 7
1 5 1 5 1 5 4 4 
1 4
1 3
1 2
2 6
2 5
5 8
5 7

Graph 268_sub
8 7
1 4 4 4 5 1 1 4 
1 5
1 4
1 3
1 2
5 7
5 6
6 8

Graph 269_sub
8 7
1 4 4 1 4 1 1 1 
1 5
1 4
1 3
1 2
4 7
4 6
6 8

Graph 270_sub
8 7
1 1 1 1 4 4 4 4 
1 4
1 3
1 2
2 7
2 6
2 5
3 8

Graph 271_sub
8 7
1 1 1 4 4 1 1 1 
1 4
1 3
1 2
2 6
2 5
6 8
6 7

Graph 272_sub
8 7
6 2 2 1 2 4 1 1 
1 5
1 4
1 3
1 2
3 6
4 8
4 7

Graph 273_sub
8 7
1 1 1 4 4 1 1 4 
1 4
1 3
1 2
2 6
2 5
6 8
6 7

Graph 274_sub
8 7
1 1 4 1 1 4 4 1 
1 4
1 3
1 2
2 6
2 5
5 8
5 7

Graph 275_sub
8 7
1 1 1 4 4 1 1 1 
1 4
1 3
1 2
2 6
2 5
6 8
6 7

Graph 276_sub
8 7
4 2 6 2 1 2 1 1 
1 2
2 3
3 6
3 5
3 4
5 8
5 7

Graph 277_sub
8 7
4 1 1 1 4 1 1 4 
1 2
2 4
2 3
3 6
3 5
6 8
6 7

Graph 278_sub
8 7
4 1 1 1 1 4 5 1 
1 2
2 4
2 3
3 6
3 5
5 8
5 7

Graph 279_sub
8 7
4 1 1 1 4 1 1 5 
1 2
2 4
2 3
3 6
3 5
6 8
6 7

Graph 280_sub
8 7
2 6 1 2 2 1 1 1 
1 2
2 5
2 4
2 3
3 7
3 6
6 8

Graph 281_sub
8 7
2 5 1 2 1 1 1 2 
1 2
2 4
2 3
3 6
3 5
5 8
5 7

Graph 282_sub
8 7
1 1 1 4 4 1 1 14 
1 4
1 3
1 2
2 6
2 5
6 8
6 7

Graph 283_sub
8 7
1 1 1 1 1 2 1 1 
1 4
1 3
1 2
2 6
2 5
5 8
5 7

Graph 284_sub
8 7
4 1 4 4 1 1 4 4 
1 2
2 5
2 4
2 3
5 8
5 7
5 6

Graph 285_sub
8 7
1 2 4 1 1 1 1 1 
1 4
1 3
1 2
2 5
5 7
5 6
6 8

Graph 286_sub
8 7
1 1 1 1 1 4 1 1 
1 4
1 3
1 2
2 6
2 5
5 8
5 7

Graph 287_sub
8 7
1 2 1 1 4 4 1 1 
1 4
1 3
1 2
2 5
3 7
3 6
7 8

Graph 288_sub
8 7
5 1 1 1 4 1 4 4 
1 4
1 3
1 2
2 7
2 6
2 5
6 8

Graph 289_sub
8 7
4 1 4 4 1 4 4 2 
1 2
2 5
2 4
2 3
5 8
5 7
5 6

Graph 290_sub
8 7
4 1 4 4 1 4 1 4 
1 2
2 5
2 4
2 3
5 8
5 7
5 6

Graph 291_sub
8 7
1 1 1 1 1 1 1 4 
1 4
1 3
1 2
2 6
2 5
5 8
5 7

Graph 292_sub
8 7
4 1 1 4 4 4 21 4 
1 2
2 5
2 4
2 3
3 8
3 7
3 6

Graph 293_sub
8 7
1 1 1 1 1 1 1 2 
1 4
1 3
1 2
2 6
2 5
5 8
5 7

Graph 294_sub
8 7
1 1 4 1 1 1 2 2 
1 4
1 3
1 2
2 6
2 5
5 8
5 7

Graph 295_sub
8 7
1 2 1 2 4 1 1 4 
1 4
1 3
1 2
2 5
3 7
3 6
6 8

Graph 296_sub
8 7
1 1 1 1 2 1 1 4 
1 4
1 3
1 2
2 6
2 5
5 7
7 8

Graph 297_sub
8 7
2 6 4 2 2 1 1 1 
1 3
1 2
2 6
2 5
2 4
6 8
6 7

Graph 298_sub
8 7
1 6 4 1 1 7 6 6 
1 5
1 4
1 3
1 2
2 6
6 8
6 7

Graph 299_sub
8 7
5 1 1 1 1 1 1 1 
1 3
1 2
2 5
2 4
4 7
4 6
6 8

Graph 300_sub
8 7
4 1 4 1 1 4 1 4 
1 2
2 5
2 4
2 3
4 8
4 7
4 6

Graph 301_sub
8 7
1 1 1 2 4 4 4 4 
1 5
1 4
1 3
1 2
2 8
2 7
2 6

Graph 302_sub
8 7
1 2 1 1 4 1 4 1 
1 4
1 3
1 2
2 5
3 7
3 6
6 8

Graph 303_sub
8 7
4 1 4 1 1 4 4 4 
1 2
2 5
2 4
2 3
4 8
4 7
4 6

Graph 304_sub
8 7
4 1 4 4 1 5 1 5 
1 2
2 5
2 4
2 3
5 7
5 6
6 8

Graph 305_sub
8 7
4 1 1 4 1 4 1 4 
1 2
2 5
2 4
2 3
3 8
3 7
3 6

Graph 306_sub
8 7
4 1 4 4 1 4 4 1 
1 2
2 5
2 4
2 3
5 8
5 7
5 6

Graph 307_sub
8 7
1 1 4 1 1 4 5 1 
1 4
1 3
1 2
2 6
2 5
5 8
5 7

Graph 308_sub
8 8
5 5 1 5 5 1 1 4 
1 3
1 2
2 4
3 5
4 5
5 6
6 8
6 7

Graph 309_sub
8 7
5 6 1 4 2 1 2 1 
1 4
1 3
1 2
2 7
2 6
2 5
6 8

Graph 310_sub
8 7
5 4 1 1 1 1 4 1 
1 4
1 3
1 2
3 6
3 5
5 8
5 7

Graph 311_sub
8 7
1 5 1 4 4 5 1 6 
1 5
1 4
1 3
1 2
2 7
2 6
6 8

Graph 312_sub
8 7
1 4 1 1 4 1 1 6 
1 4
1 3
1 2
3 6
3 5
6 8
6 7

Graph 313_sub
8 7
4 1 4 1 1 1 4 4 
1 2
2 5
2 4
2 3
4 8
4 7
4 6

Graph 314_sub
8 8
2 1 1 1 1 1 4 4 
1 3
1 2
2 5
2 4
3 6
4 7
4 6
6 8

Graph 315_sub
8 7
4 1 1 1 1 4 4 1 
1 2
2 4
2 3
3 6
3 5
5 8
5 7

Graph 316_sub
8 7
4 1 1 1 1 1 5 1 
1 2
2 4
2 3
3 6
3 5
5 8
5 7

Graph 317_sub
8 7
5 1 1 2 1 4 4 1 
1 5
1 4
1 3
1 2
2 8
2 7
2 6

Graph 318_sub
8 7
4 1 4 1 4 1 1 1 
1 2
2 5
2 4
2 3
4 7
4 6
6 8

Graph 319_sub
8 7
4 1 1 4 1 4 2 1 
1 2
2 5
2 4
2 3
3 8
3 7
3 6

Graph 320_sub
8 7
4 1 4 1 4 1 1 1 
1 2
2 5
2 4
2 3
4 7
4 6
6 8

Graph 321_sub
8 7
4 1 4 1 4 1 1 1 
1 2
2 5
2 4
2 3
4 8
4 7
4 6

Graph 322_sub
8 7
4 1 4 1 1 1 4 4 
1 2
2 5
2 4
2 3
4 8
4 7
4 6

Graph 323_sub
8 7
4 1 4 1 4 1 4 1 
1 2
2 5
2 4
2 3
4 8
4 7
4 6

Graph 324_sub
8 7
1 5 1 1 1 4 2 5 
1 4
1 3
1 2
2 6
2 5
5 8
5 7

Graph 325_sub
8 7
1 4 1 4 1 1 1 4 
1 5
1 4
1 3
1 2
3 8
3 7
3 6

Graph 326_sub
8 7
2 4 5 1 1 1 2 1 
1 3
1 2
3 5
3 4
4 7
4 6
6 8

Graph 327_sub
8 7
1 1 4 1 4 1 5 1 
1 4
1 3
1 2
2 6
2 5
6 8
6 7

Graph 328_sub
8 7
1 1 1 5 5 1 5 4 
1 4
1 3
1 2
2 6
2 5
5 8
5 7

Graph 329_sub
8 7
4 1 4 1 1 1 4 4 
1 2
2 5
2 4
2 3
4 8
4 7
4 6

Graph 330_sub
8 7
4 1 2 1 1 1 4 1 
1 2
2 5
2 4
2 3
3 6
6 8
6 7

Graph 331_sub
8 7
1 1 1 1 2 1 4 1 
1 4
1 3
1 2
2 6
2 5
5 7
6 8

Graph 332_sub
8 7
1 1 1 11 1 2 1 1 
1 4
1 3
1 2
2 6
2 5
5 8
5 7

Graph 333_sub
8 7
2 5 1 2 1 1 1 4 
1 2
2 4
2 3
3 6
3 5
5 8
5 7

Graph 334_sub
8 7
4 2 1 2 1 1 1 4 
1 2
2 3
3 5
3 4
5 7
5 6
6 8

Graph 335_sub
8 7
1 1 1 5 1 2 4 4 
1 5
1 4
1 3
1 2
2 8
2 7
2 6

Graph 336_sub
8 7
1 4 5 1 4 1 1 4 
1 5
1 4
1 3
1 2
3 7
3 6
6 8

Graph 337_sub
8 8
4 1 5 4 1 7 5 5 
1 2
2 5
2 4
2 3
3 6
3 5
6 8
6 7

Graph 338_sub
8 7
1 4 4 1 4 1 1 4 
1 5
1 4
1 3
1 2
4 8
4 7
4 6

Graph 339_sub
8 7
2 5 2 1 2 1 1 1 
1 2
2 4
2 3
4 6
4 5
5 7
7 8

Graph 340_sub
8 7
4 1 6 4 1 7 6 6 
1 2
2 5
2 4
2 3
3 6
6 8
6 7

Graph 341_sub
8 7
4 1 2 1 4 7 2 2 
1 2
2 5
2 4
2 3
3 6
6 8
6 7

Graph 342_sub
8 7
2 7 1 2 2 2 1 4 
1 3
1 2
2 6
2 5
2 4
4 7
7 8

Graph 343_sub
8 7
2 1 4 1 1 4 4 4 
1 3
1 2
2 5
2 4
4 8
4 7
4 6

Graph 344_sub
8 7
1 1 7 1 1 4 4 1 
1 4
1 3
1 2
2 6
2 5
5 8
5 7

Graph 345_sub
8 7
1 7 1 1 1 1 1 1 
1 4
1 3
1 2
2 7
2 6
2 5
5 8

Graph 346_sub
8 7
4 1 1 1 1 4 4 1 
1 2
2 4
2 3
3 6
3 5
5 8
5 7

Graph 347_sub
8 8
6 1 1 5 2 4 1 2 
1 3
1 2
2 5
2 4
3 7
4 7
4 6
7 8

Graph 348_sub
8 7
6 1 6 6 1 4 4 1 
1 2
2 4
2 3
3 5
5 8
5 7
5 6

Graph 349_sub
8 7
1 4 4 1 2 1 1 1 
1 5
1 4
1 3
1 2
4 8
4 7
4 6

Graph 350_sub
8 7
1 1 1 4 4 4 4 1 
1 5
1 4
1 3
1 2
2 8
2 7
2 6

Graph 351_sub
8 7
4 5 4 1 1 1 1 4 
1 2
2 4
2 3
4 6
4 5
5 8
5 7

Graph 352_sub
8 7
1 4 1 1 1 4 2 1 
1 4
1 3
1 2
3 6
3 5
5 8
5 7

Graph 353_sub
8 7
2 1 1 4 4 1 4 4 
1 3
1 2
2 6
2 5
2 4
6 8
6 7

Graph 354_sub
8 7
4 1 1 1 1 1 6 1 
1 2
2 4
2 3
3 6
3 5
5 8
5 7

Graph 355_sub
8 7
4 1 1 1 1 1 1 2 
1 2
2 4
2 3
3 6
3 5
5 8
5 7

Graph 356_sub
8 7
1 4 1 1 1 4 4 1 
1 4
1 3
1 2
3 6
3 5
5 8
5 7

Graph 357_sub
8 7
1 4 1 1 4 1 1 1 
1 4
1 3
1 2
3 6
3 5
6 8
6 7

Graph 358_sub
8 7
1 1 5 1 4 1 4 1 
1 4
1 3
1 2
2 6
2 5
6 8
6 7

Graph 359_sub
7 6
4 2 6 2 2 2 4 
1 2
2 3
3 6
3 5
3 4
5 7

Graph 360_sub
8 7
4 1 5 5 4 1 1 4 
1 2
2 5
2 4
2 3
3 7
3 6
6 8

Graph 361_sub
8 7
1 4 1 1 1 2 1 2 
1 4
1 3
1 2
3 6
3 5
5 8
5 7

Graph 362_sub
8 7
4 1 5 1 4 1 1 4 
1 2
2 5
2 4
2 3
3 7
3 6
6 8

Graph 363_sub
8 7
1 4 4 1 5 4 5 4 
1 5
1 4
1 3
1 2
4 8
4 7
4 6

Graph 364_sub
8 7
1 1 4 5 4 4 5 4 
1 5
1 4
1 3
1 2
2 8
2 7
2 6

Graph 365_sub
8 7
5 4 1 4 1 5 1 1 
1 4
1 3
1 2
3 6
3 5
5 8
5 7

Graph 366_sub
8 7
2 6 6 1 2 1 1 1 
1 2
2 4
2 3
3 6
3 5
6 8
6 7

Graph 367_sub
8 7
4 1 1 1 4 5 4 4 
1 2
2 5
2 4
2 3
3 8
3 7
3 6

Graph 368_sub
8 7
4 1 1 1 1 4 1 1 
1 2
2 5
2 4
2 3
3 8
3 7
3 6

Graph 369_sub
8 7
2 1 1 1 1 4 4 2 
1 3
1 2
2 6
2 5
2 4
4 8
4 7

Graph 370_sub
8 8
4 1 1 1 2 2 1 4 
1 2
2 4
2 3
3 6
3 5
4 7
6 7
7 8

Graph 371_sub
8 7
4 1 1 4 1 1 4 4 
1 2
2 5
2 4
2 3
3 8
3 7
3 6

Graph 372_sub
8 7
2 1 1 1 2 4 4 4 
1 3
1 2
2 5
2 4
4 8
4 7
4 6

Graph 373_sub
8 7
1 4 1 4 4 5 1 1 
1 5
1 4
1 3
1 2
3 7
3 6
6 8

Graph 374_sub
8 7
1 4 1 1 1 1 1 5 
1 4
1 3
1 2
3 6
3 5
5 8
5 7

Graph 375_sub
8 7
4 2 6 2 2 1 1 2 
1 2
2 3
3 6
3 5
3 4
6 8
6 7

Graph 376_sub
8 7
1 1 4 1 1 1 4 1 
1 5
1 4
1 3
1 2
2 8
2 7
2 6

Graph 377_sub
8 7
4 1 4 1 4 2 1 6 
1 2
2 5
2 4
2 3
4 8
4 7
4 6

Graph 378_sub
8 7
4 1 1 1 1 4 1 4 
1 2
2 4
2 3
3 6
3 5
5 8
5 7

Graph 379_sub
8 7
1 1 1 5 1 1 5 1 
1 4
1 3
1 2
2 6
2 5
5 8
5 7

Graph 380_sub
8 7
4 1 4 5 4 1 1 1 
1 2
2 5
2 4
2 3
4 7
4 6
6 8

Graph 381_sub
8 7
4 1 1 1 1 4 1 1 
1 2
2 4
2 3
3 6
3 5
5 8
5 7

Graph 382_sub
8 7
1 4 4 1 1 4 4 4 
1 5
1 4
1 3
1 2
4 8
4 7
4 6

Graph 383_sub
8 7
4 1 1 4 4 4 4 1 
1 2
2 5
2 4
2 3
3 8
3 7
3 6

Graph 384_sub
8 7
4 1 1 1 4 1 1 4 
1 2
2 4
2 3
3 6
3 5
6 8
6 7

Graph 385_sub
8 7
1 4 1 1 4 1 1 5 
1 4
1 3
1 2
3 6
3 5
6 8
6 7

Graph 386_sub
8 7
1 1 2 1 1 4 4 1 
1 4
1 3
1 2
2 6
2 5
5 8
5 7

Graph 387_sub
8 7
4 1 1 1 1 1 1 1 
1 2
2 4
2 3
3 6
3 5
5 8
5 7

Graph 388_sub
8 7
4 2 6 1 2 2 1 1 
1 2
2 3
3 6
3 5
3 4
4 8
4 7

Graph 389_sub
8 7
4 1 1 1 1 4 1 4 
1 2
2 4
2 3
3 6
3 5
5 8
5 7

Graph 390_sub
8 7
1 1 1 1 11 1 2 1 
1 4
1 3
1 2
2 6
2 5
6 8
6 7

Graph 391_sub
8 7
4 2 1 1 1 1 11 4 
1 2
2 3
3 5
3 4
4 7
4 6
6 8

Graph 392_sub
8 7
1 2 1 1 4 1 11 1 
1 4
1 3
1 2
2 5
3 7
3 6
6 8

Graph 393_sub
8 7
1 5 1 1 5 1 1 1 
1 4
1 3
1 2
2 5
5 6
6 8
6 7

Graph 394_sub
8 7
1 1 1 1 4 1 4 1 
1 4
1 3
1 2
2 6
2 5
6 8
6 7

Graph 395_sub
8 7
4 1 1 1 1 5 1 1 
1 2
2 4
2 3
3 6
3 5
5 8
5 7

Graph 396_sub
8 7
1 4 1 1 4 1 5 1 
1 4
1 3
1 2
3 6
3 5
6 8
6 7

Graph 397_sub
6 5
2 4 1 2 2 4 
1 3
1 2
3 5
3 4
4 6

Graph 398_sub
8 7
1 5 5 5 4 1 4 4 
1 4
1 3
1 2
2 6
2 5
6 8
6 7

Graph 399_sub
8 7
4 1 4 4 5 7 1 5 
1 2
2 5
2 4
2 3
5 7
5 6
6 8

Graph 400_sub
8 7
4 1 1 2 2 1 1 1 
1 2
2 5
2 4
2 3
3 7
3 6
6 8

Graph 401_sub
8 7
4 1 1 4 1 4 1 4 
1 2
2 5
2 4
2 3
3 8
3 7
3 6

Graph 402_sub
8 7
2 1 4 1 2 4 4 1 
1 3
1 2
2 5
2 4
4 8
4 7
4 6

Graph 403_sub
8 7
5 4 1 5 5 4 1 5 
1 3
1 2
3 5
3 4
4 7
4 6
7 8

Graph 404_sub
8 7
1 5 5 5 4 4 4 1 
1 4
1 3
1 2
2 5
3 7
3 6
4 8

Graph 405_sub
8 7
5 4 1 1 5 5 4 1 
1 4
1 3
1 2
3 6
3 5
5 7
6 8

Graph 406_sub
8 7
1 4 1 1 1 4 1 6 
1 4
1 3
1 2
3 6
3 5
5 8
5 7

Graph 407_sub
8 7
1 1 1 1 6 4 1 4 
1 5
1 4
1 3
1 2
2 8
2 7
2 6

Graph 408_sub
8 7
4 1 6 1 1 1 6 5 
1 2
2 5
2 4
2 3
3 6
6 8
6 7

Graph 409_sub
8 7
1 1 5 1 1 4 1 4 
1 4
1 3
1 2
2 6
2 5
5 8
5 7

Graph 410_sub
8 7
1 4 1 1 2 1 4 4 
1 4
1 3
1 2
3 6
3 5
5 7
6 8

Graph 411_sub
8 7
1 4 1 1 1 4 1 4 
1 4
1 3
1 2
3 6
3 5
5 8
5 7

Graph 412_sub
8 7
2 6 1 2 2 1 4 6 
1 2
2 5
2 4
2 3
3 8
3 7
3 6

Graph 413_sub
8 7
6 2 1 2 2 4 4 6 
1 5
1 4
1 3
1 2
2 6
3 8
3 7

Graph 414_sub
8 7
1 1 2 1 1 1 1 4 
1 4
1 3
1 2
2 6
2 5
5 8
5 7

Graph 415_sub
8 7
1 1 1 4 5 1 4 1 
1 4
1 3
1 2
2 6
2 5
5 8
5 7

Graph 416_sub
8 7
4 1 1 1 1 2 4 1 
1 2
2 4
2 3
3 6
3 5
5 8
5 7

Graph 417_sub
8 7
4 2 1 1 1 2 1 4 
1 2
2 3
3 5
3 4
4 7
4 6
6 8

Graph 418_sub
8 7
5 1 1 1 1 1 1 5 
1 4
1 3
1 2
2 6
2 5
5 8
5 7

Graph 419_sub
8 7
4 1 4 4 5 1 1 4 
1 2
2 5
2 4
2 3
5 7
5 6
6 8

Graph 420_sub
8 7
1 1 4 1 4 1 5 1 
1 4
1 3
1 2
2 6
2 5
6 8
6 7

Graph 421_sub
8 7
4 1 1 1 1 4 1 4 
1 2
2 4
2 3
3 6
3 5
5 8
5 7

Graph 422_sub
8 7
4 1 1 1 4 1 4 1 
1 2
2 4
2 3
3 6
3 5
6 8
6 7

Graph 423_sub
8 7
4 1 4 4 5 7 1 5 
1 2
2 5
2 4
2 3
5 7
5 6
6 8

Graph 424_sub
8 7
7 2 2 2 6 1 1 5 
1 5
1 4
1 3
1 2
2 6
6 8
6 7

Graph 425_sub
8 7
4 1 4 1 4 1 1 1 
1 2
2 5
2 4
2 3
4 7
4 6
6 8

Graph 426_sub
8 7
1 1 4 4 6 4 2 2 
1 4
1 3
1 2
2 6
2 5
5 8
5 7

Graph 427_sub
8 7
4 1 1 1 4 1 4 5 
1 2
2 5
2 4
2 3
3 8
3 7
3 6

Graph 428_sub
8 7
4 1 1 1 4 1 1 1 
1 2
2 4
2 3
3 6
3 5
6 8
6 7

Graph 429_sub
8 7
1 4 4 4 1 1 6 6 
1 5
1 4
1 3
1 2
5 8
5 7
5 6

Graph 430_sub
8 7
4 1 1 1 1 2 2 1 
1 2
2 5
2 4
2 3
3 7
3 6
7 8

Graph 431_sub
8 7
5 1 1 1 1 1 1 1 
1 4
1 3
1 2
2 7
2 6
2 5
5 8

Graph 432_sub
8 7
1 1 2 2 1 4 1 1 
1 4
1 3
1 2
2 7
2 6
2 5
5 8

Graph 433_sub
8 7
1 1 1 1 1 1 1 4 
1 5
1 4
1 3
1 2
2 8
2 7
2 6

Graph 434_sub
8 7
4 1 4 1 5 1 4 4 
1 2
2 5
2 4
2 3
4 8
4 7
4 6

Graph 435_sub
8 7
4 1 1 1 1 4 1 4 
1 2
2 4
2 3
3 6
3 5
5 8
5 7

Graph 436_sub
8 7
4 1 1 1 5 1 2 1 
1 2
2 5
2 4
2 3
3 7
3 6
6 8

Graph 437_sub
8 7
1 1 1 2 4 1 1 2 
1 4
1 3
1 2
2 6
2 5
6 8
6 7

Graph 438_sub
8 7
1 1 2 1 1 4 1 2 
1 4
1 3
1 2
2 6
2 5
5 8
5 7

Graph 439_sub
8 7
4 1 1 1 1 1 2 1 
1 2
2 4
2 3
3 6
3 5
5 8
5 7

Graph 440_sub
8 7
2 4 1 1 1 1 4 4 
1 3
1 2
3 5
3 4
4 7
4 6
6 8

Graph 441_sub
8 7
1 1 4 1 1 4 1 4 
1 4
1 3
1 2
2 6
2 5
5 8
5 7

Graph 442_sub
8 7
4 1 4 1 5 4 4 4 
1 2
2 5
2 4
2 3
4 8
4 7
4 6

Graph 443_sub
8 7
1 1 1 4 4 1 1 4 
1 4
1 3
1 2
2 6
2 5
6 8
6 7

Graph 444_sub
8 7
1 1 4 4 4 1 1 4 
1 5
1 4
1 3
1 2
2 7
2 6
6 8

Graph 445_sub
8 7
1 5 5 1 4 1 2 5 
1 4
1 3
1 2
2 6
2 5
6 8
6 7

Graph 446_sub
8 7
4 1 4 1 1 4 1 4 
1 2
2 5
2 4
2 3
4 8
4 7
4 6

Graph 447_sub
8 7
2 4 1 1 1 4 1 1 
1 3
1 2
3 5
3 4
4 7
4 6
7 8

Graph 448_sub
8 7
4 1 1 4 4 1 1 1 
1 2
2 5
2 4
2 3
3 7
3 6
6 8

Graph 449_sub
8 7
2 6 2 1 2 4 1 1 
1 2
2 5
2 4
2 3
3 6
4 8
4 7

Graph 450_sub
8 7
1 1 4 1 1 1 1 4 
1 4
1 3
1 2
2 6
2 5
5 8
5 7

Graph 451_sub
8 7
5 4 5 4 1 4 1 2 
1 4
1 3
1 2
3 6
3 5
5 8
5 7

Graph 452_sub
8 7
1 1 1 1 4 2 1 4 
1 5
1 4
1 3
1 2
2 8
2 7
2 6

Graph 453_sub
8 7
1 4 4 5 1 1 1 4 
1 5
1 4
1 3
1 2
4 7
4 6
6 8

Graph 454_sub
8 7
2 1 4 4 1 4 2 1 
1 3
1 2
2 6
2 5
2 4
5 8
5 7

Graph 455_sub
8 7
4 1 1 1 4 1 4 1 
1 2
2 5
2 4
2 3
3 8
3 7
3 6

Graph 456_sub
8 8
4 1 4 1 5 4 4 1 
1 2
2 5
2 4
2 3
4 7
4 6
4 5
5 8

Graph 457_sub
8 7
4 1 4 1 1 1 4 1 
1 2
2 5
2 4
2 3
4 8
4 7
4 6

Graph 458_sub
8 7
1 1 4 1 1 4 6 1 
1 4
1 3
1 2
2 6
2 5
5 8
5 7

Graph 459_sub
8 7
4 1 1 4 1 1 1 1 
1 2
2 5
2 4
2 3
3 8
3 7
3 6

Graph 460_sub
8 7
4 1 1 1 4 1 4 4 
1 2
2 5
2 4
2 3
3 8
3 7
3 6

Graph 461_sub
8 7
5 5 1 1 2 1 4 5 
1 3
1 2
2 4
4 6
4 5
5 7
6 8

Graph 462_sub
8 7
2 1 1 1 1 1 4 1 
1 3
1 2
2 5
2 4
4 7
4 6
6 8

Graph 463_sub
8 7
4 1 1 1 4 4 4 4 
1 2
2 5
2 4
2 3
3 8
3 7
3 6

Graph 464_sub
8 7
1 4 1 1 1 5 4 1 
1 4
1 3
1 2
3 6
3 5
5 8
5 7

Graph 465_sub
8 7
4 1 4 1 2 4 4 1 
1 2
2 5
2 4
2 3
4 8
4 7
4 6

Graph 466_sub
8 7
1 1 1 4 1 5 4 4 
1 4
1 3
1 2
2 6
2 5
5 8
5 7

Graph 467_sub
8 7
4 1 4 2 4 1 1 1 
1 2
2 5
2 4
2 3
4 6
6 8
6 7

Graph 468_sub
8 7
4 1 1 1 1 1 1 4 
1 2
2 5
2 4
2 3
3 8
3 7
3 6

Graph 469_sub
8 7
2 5 2 1 1 1 1 5 
1 2
2 4
2 3
4 6
4 5
5 8
5 7

Graph 470_sub
8 7
4 1 4 1 1 4 1 4 
1 2
2 5
2 4
2 3
4 8
4 7
4 6

Graph 471_sub
8 7
4 1 4 4 1 5 1 1 
1 2
2 5
2 4
2 3
5 7
5 6
6 8

Graph 472_sub
8 7
4 1 2 4 4 1 1 1 
1 2
2 5
2 4
2 3
3 6
6 8
6 7

Graph 473_sub
8 7
1 1 1 4 4 1 1 4 
1 4
1 3
1 2
2 6
2 5
6 8
6 7

Graph 474_sub
8 7
1 1 1 1 1 2 1 2 
1 4
1 3
1 2
2 6
2 5
5 8
5 7

Graph 475_sub
8 7
4 1 4 5 4 10 10 4 
1 2
2 5
2 4
2 3
4 7
4 6
6 8

Graph 476_sub
8 7
1 4 1 1 1 4 1 2 
1 4
1 3
1 2
3 6
3 5
5 8
5 7

Graph 477_sub
8 7
4 1 1 1 1 1 4 4 
1 2
2 4
2 3
3 6
3 5
5 8
5 7

Graph 478_sub
8 8
4 1 1 4 5 4 4 7 
1 2
2 5
2 4
2 3
3 7
3 6
3 5
5 8

Graph 479_sub
8 7
4 1 1 1 1 4 1 5 
1 2
2 4
2 3
3 6
3 5
5 8
5 7

Graph 480_sub
8 7
4 1 4 1 4 1 1 1 
1 2
2 5
2 4
2 3
4 7
4 6
6 8

Graph 481_sub
8 7
2 6 2 2 1 1 1 1 
1 2
2 5
2 4
2 3
4 6
6 8
6 7

Graph 482_sub
8 7
4 5 1 1 1 1 4 4 
1 2
2 3
3 5
3 4
4 7
4 6
6 8

Graph 483_sub
8 7
4 2 6 2 1 2 1 1 
1 2
2 3
3 6
3 5
3 4
5 8
5 7

Graph 484_sub
8 7
4 1 1 4 4 1 1 2 
1 2
2 5
2 4
2 3
3 7
3 6
6 8

Graph 485_sub
8 7
4 1 4 1 5 4 4 4 
1 2
2 5
2 4
2 3
4 8
4 7
4 6

Graph 486_sub
8 7
4 1 1 4 5 4 4 6 
1 2
2 5
2 4
2 3
3 8
3 7
3 6

Graph 487_sub
8 7
4 1 6 4 4 7 6 6 
1 2
2 5
2 4
2 3
3 6
6 8
6 7

Graph 488_sub
8 7
4 1 6 4 4 1 6 6 
1 2
2 5
2 4
2 3
3 6
6 8
6 7

Graph 489_sub
8 7
4 1 5 1 1 1 1 5 
1 2
2 4
2 3
3 6
3 5
5 8
5 7

Graph 490_sub
8 7
1 1 4 4 4 2 5 1 
1 5
1 4
1 3
1 2
2 7
2 6
6 8

Graph 491_sub
8 7
2 1 1 5 1 1 1 4 
1 2
2 4
2 3
3 7
3 6
3 5
5 8

Graph 492_sub
8 7
1 1 1 1 4 1 1 1 
1 4
1 3
1 2
2 6
2 5
6 8
6 7

Graph 493_sub
8 7
4 1 1 1 1 4 1 1 
1 2
2 4
2 3
3 6
3 5
5 8
5 7

Graph 494_sub
8 7
1 5 5 5 1 5 5 1 
1 4
1 3
1 2
2 5
5 7
5 6
6 8

Graph 495_sub
8 7
4 1 1 4 1 1 1 1 
1 2
2 5
2 4
2 3
3 8
3 7
3 6

Graph 496_sub
8 7
4 1 4 4 1 1 1 4 
1 2
2 5
2 4
2 3
5 8
5 7
5 6

Graph 497_sub
8 7
4 1 4 1 1 4 4 1 
1 2
2 5
2 4
2 3
4 8
4 7
4 6

Graph 498_sub
8 7
4 1 1 1 1 2 1 1 
1 2
2 4
2 3
3 6
3 5
5 8
5 7

Graph 499_sub
8 7
1 4 4 1 4 1 1 1 
1 5
1 4
1 3
1 2
4 7
4 6
6 8

Graph 500_sub
8 7
1 1 1 1 4 1 1 4 
1 4
1 3
1 2
2 6
2 5
6 8
6 7

Graph 501_sub
8 7
4 1 4 1 4 1 1 4 
1 2
2 5
2 4
2 3
4 7
4 6
6 8

Graph 502_sub
8 7
1 11 1 1 11 1 11 1 
1 4
1 3
1 2
3 6
3 5
6 8
6 7

Graph 503_sub
8 7
1 4 1 4 4 1 1 4 
1 5
1 4
1 3
1 2
3 8
3 7
3 6

Graph 504_sub
8 7
1 5 1 5 1 1 4 1 
1 5
1 4
1 3
1 2
2 7
2 6
6 8

Graph 505_sub
8 7
1 1 1 1 4 1 4 1 
1 4
1 3
1 2
2 6
2 5
6 8
6 7

Graph 506_sub
8 7
5 5 1 1 1 1 4 1 
1 3
1 2
2 4
4 6
4 5
5 8
5 7

Graph 507_sub
8 7
2 1 2 1 4 5 4 1 
1 2
2 4
2 3
3 5
4 8
4 7
4 6

Graph 508_sub
8 7
4 1 2 4 1 1 1 1 
1 2
2 5
2 4
2 3
3 6
6 8
6 7

Graph 509_sub
8 7
4 1 1 5 4 4 2 4 
1 2
2 5
2 4
2 3
3 8
3 7
3 6

Graph 510_sub
8 7
1 1 1 1 2 2 4 2 
1 4
1 3
1 2
2 6
2 5
3 8
5 7

Graph 511_sub
8 7
1 5 1 1 5 5 1 1 
1 4
1 3
1 2
2 6
2 5
5 7
7 8

Graph 512_sub
8 7
2 1 1 1 4 4 4 1 
1 2
2 4
2 3
3 7
3 6
3 5
4 8

Graph 513_sub
8 7
1 1 4 1 1 4 1 1 
1 4
1 3
1 2
2 6
2 5
5 8
5 7

Graph 514_sub
8 7
5 1 4 1 1 1 4 1 
1 4
1 3
1 2
2 6
2 5
5 8
5 7

Graph 515_sub
8 7
2 1 1 2 1 4 2 1 
1 2
2 4
2 3
3 6
3 5
5 8
5 7

Graph 516_sub
8 7
4 1 2 2 1 1 1 2 
1 2
2 5
2 4
2 3
3 6
6 8
6 7

Graph 517_sub
8 7
1 4 1 1 4 1 4 1 
1 5
1 4
1 3
1 2
3 7
3 6
6 8

Graph 518_sub
8 7
2 4 1 1 1 1 4 1 
1 3
1 2
3 5
3 4
4 7
4 6
6 8

Graph 519_sub
8 7
1 1 4 1 1 1 1 1 
1 4
1 3
1 2
2 6
2 5
5 8
5 7

Graph 520_sub
8 7
4 1 1 4 4 1 1 1 
1 2
2 5
2 4
2 3
3 7
3 6
6 8

Graph 521_sub
8 7
4 1 1 1 1 1 1 2 
1 2
2 5
2 4
2 3
3 7
3 6
6 8

Graph 522_sub
8 7
1 1 1 1 1 1 1 2 
1 4
1 3
1 2
2 6
2 5
5 8
5 7

Graph 523_sub
8 7
4 2 1 1 1 1 1 4 
1 2
2 3
3 5
3 4
4 7
4 6
6 8

Graph 524_sub
8 7
4 1 4 4 1 4 4 1 
1 2
2 5
2 4
2 3
5 8
5 7
5 6

Graph 525_sub
8 7
4 1 4 1 1 4 1 4 
1 2
2 5
2 4
2 3
4 7
4 6
7 8

Graph 526_sub
8 7
4 1 1 4 4 1 1 1 
1 2
2 5
2 4
2 3
3 7
3 6
6 8

Graph 527_sub
8 8
2 18 18 4 18 18 2 4 
1 3
1 2
2 5
2 4
2 3
5 8
5 7
5 6

Graph 528_sub
8 7
4 1 4 1 1 4 1 4 
1 2
2 5
2 4
2 3
4 8
4 7
4 6

Graph 529_sub
8 7
4 1 1 1 4 1 4 4 
1 2
2 5
2 4
2 3
3 8
3 7
3 6

Graph 530_sub
8 7
4 1 1 1 6 1 2 5 
1 2
2 4
2 3
3 6
3 5
5 8
5 7

Graph 531_sub
8 7
1 4 1 1 1 4 1 4 
1 4
1 3
1 2
3 6
3 5
5 8
5 7

Graph 532_sub
8 7
1 1 1 4 4 1 1 4 
1 4
1 3
1 2
2 6
2 5
6 8
6 7

Graph 533_sub
8 7
4 1 1 1 4 1 4 4 
1 2
2 5
2 4
2 3
3 8
3 7
3 6

Graph 534_sub
8 7
1 1 1 1 1 1 1 1 
1 4
1 3
1 2
2 6
2 5
5 8
5 7

Graph 535_sub
8 7
2 1 1 1 4 1 1 4 
1 2
2 4
2 3
3 6
3 5
6 8
6 7

Graph 536_sub
8 7
5 1 1 1 4 1 4 1 
1 4
1 3
1 2
2 7
2 6
2 5
6 8

Graph 537_sub
8 7
4 1 1 4 4 1 1 1 
1 2
2 5
2 4
2 3
3 8
3 7
3 6

Graph 538_sub
8 7
1 1 5 1 1 4 1 5 
1 4
1 3
1 2
2 6
2 5
5 8
5 7

Graph 539_sub
8 7
2 4 1 1 1 1 4 1 
1 3
1 2
3 6
3 5
3 4
4 8
4 7

Graph 540_sub
8 7
1 4 1 1 4 4 1 4 
1 5
1 4
1 3
1 2
3 8
3 7
3 6

Graph 541_sub
8 7
4 1 5 1 4 1 4 5 
1 2
2 5
2 4
2 3
3 7
3 6
6 8

Graph 542_sub
8 7
4 1 4 1 4 4 4 5 
1 2
2 5
2 4
2 3
4 8
4 7
4 6

Graph 543_sub
8 7
1 4 4 5 1 1 1 1 
1 5
1 4
1 3
1 2
4 8
4 7
4 6

Graph 544_sub
8 7
4 1 4 5 1 1 1 4 
1 2
2 5
2 4
2 3
4 7
4 6
6 8

Graph 545_sub
8 7
5 1 5 1 1 4 1 4 
1 3
1 2
2 5
2 4
4 7
4 6
7 8

Graph 546_sub
8 7
4 1 1 1 1 4 1 1 
1 2
2 4
2 3
3 6
3 5
5 8
5 7

Graph 547_sub
8 7
1 4 1 1 4 1 1 5 
1 4
1 3
1 2
3 6
3 5
6 8
6 7

Graph 548_sub
8 7
1 1 1 1 5 1 1 1 
1 4
1 3
1 2
2 6
2 5
5 7
7 8

Graph 549_sub
8 7
4 1 4 2 4 1 1 1 
1 2
2 5
2 4
2 3
4 6
6 8
6 7

Graph 550_sub
8 7
4 1 1 1 4 1 1 5 
1 2
2 4
2 3
3 6
3 5
6 8
6 7

Graph 551_sub
8 7
4 1 1 1 4 1 2 1 
1 2
2 4
2 3
3 6
3 5
6 8
6 7

Graph 552_sub
8 7
1 1 4 4 4 1 1 4 
1 5
1 4
1 3
1 2
2 7
2 6
6 8

Graph 553_sub
8 7
2 1 1 4 1 4 2 1 
1 3
1 2
2 6
2 5
2 4
5 8
5 7

Graph 554_sub
8 7
2 1 4 1 1 1 4 4 
1 3
1 2
2 5
2 4
4 7
4 6
6 8

Graph 555_sub
8 7
1 1 4 4 5 4 4 5 
1 5
1 4
1 3
1 2
2 8
2 7
2 6

Graph 556_sub
8 7
4 1 1 1 1 4 1 1 
1 2
2 4
2 3
3 6
3 5
5 8
5 7

Graph 557_sub
8 7
1 1 1 1 1 4 4 1 
1 4
1 3
1 2
2 6
2 5
5 8
5 7

Graph 558_sub
8 7
4 1 1 4 1 1 4 4 
1 2
2 5
2 4
2 3
3 8
3 7
3 6

Graph 559_sub
8 7
2 1 5 1 1 1 1 4 
1 2
2 4
2 3
3 6
3 5
5 8
5 7

Graph 24049_sub
8 7
4 1 4 1 5 2 4 4 
1 2
2 5
2 4
2 3
4 8
4 7
4 6

Graph 561_sub
8 7
4 1 4 4 1 4 4 5 
1 2
2 5
2 4
2 3
5 8
5 7
5 6

Graph 562_sub
8 7
4 1 1 4 5 5 4 4 
1 2
2 5
2 4
2 3
3 8
3 7
3 6

Graph 563_sub
8 7
5 4 4 1 1 1 1 4 
1 4
1 3
1 2
4 6
4 5
5 8
5 7

Graph 564_sub
8 7
4 1 4 1 1 4 4 1 
1 2
2 5
2 4
2 3
4 8
4 7
4 6

Graph 565_sub
8 7
1 4 4 1 4 5 4 4 
1 5
1 4
1 3
1 2
4 8
4 7
4 6

Graph 566_sub
8 7
1 4 6 4 1 6 1 4 
1 5
1 4
1 3
1 2
3 6
6 7
7 8

Graph 567_sub
8 7
1 1 1 4 1 4 1 4 
1 4
1 3
1 2
2 6
2 5
5 8
5 7

Graph 568_sub
8 7
2 1 4 1 1 1 1 4 
1 3
1 2
2 5
2 4
4 7
4 6
6 8

Graph 569_sub
8 7
4 1 4 2 4 1 1 1 
1 2
2 5
2 4
2 3
4 6
6 8
6 7

Graph 570_sub
8 7
4 1 5 4 1 1 1 4 
1 2
2 5
2 4
2 3
3 7
3 6
6 8

Graph 571_sub
8 7
4 1 1 1 1 8 1 1 
1 2
2 4
2 3
3 6
3 5
5 8
5 7

Graph 572_sub
8 7
5 1 1 1 1 1 1 4 
1 3
1 2
2 5
2 4
4 7
4 6
6 8

Graph 573_sub
8 7
1 1 1 1 1 2 4 4 
1 4
1 3
1 2
2 6
2 5
5 8
5 7

Graph 574_sub
8 7
4 1 4 1 4 1 1 1 
1 2
2 5
2 4
2 3
4 8
4 7
4 6

Graph 575_sub
8 7
4 1 1 1 1 1 1 2 
1 2
2 5
2 4
2 3
3 8
3 7
3 6

Graph 576_sub
8 7
1 1 1 5 1 4 5 1 
1 4
1 3
1 2
2 6
2 5
5 8
5 7

Graph 577_sub
8 7
4 1 5 4 1 1 1 4 
1 2
2 5
2 4
2 3
3 7
3 6
6 8

Graph 578_sub
8 7
4 1 1 4 1 4 4 1 
1 2
2 5
2 4
2 3
3 8
3 7
3 6

Graph 579_sub
8 7
4 1 4 6 5 1 6 5 
1 2
2 5
2 4
2 3
4 6
6 8
6 7

Graph 580_sub
8 7
4 1 1 4 1 4 1 4 
1 2
2 5
2 4
2 3
3 8
3 7
3 6

Graph 581_sub
8 7
1 4 4 1 1 2 1 1 
1 5
1 4
1 3
1 2
4 7
4 6
7 8

Graph 582_sub
8 7
1 1 1 5 1 1 4 1 
1 4
1 3
1 2
2 6
2 5
5 8
5 7

Graph 583_sub
8 7
1 1 4 1 5 4 1 1 
1 4
1 3
1 2
2 6
2 5
5 7
7 8

Graph 584_sub
8 7
1 1 1 1 4 1 1 1 
1 4
1 3
1 2
2 6
2 5
6 8
6 7

Graph 585_sub
8 7
4 1 4 2 4 1 1 1 
1 2
2 5
2 4
2 3
4 6
6 8
6 7

Graph 586_sub
8 7
4 1 1 4 1 1 1 4 
1 2
2 5
2 4
2 3
3 7
3 6
6 8

Graph 587_sub
8 7
4 1 1 1 1 6 1 4 
1 2
2 4
2 3
3 6
3 5
5 8
5 7

Graph 588_sub
8 7
1 4 1 1 4 1 1 1 
1 4
1 3
1 2
3 6
3 5
6 8
6 7

Graph 589_sub
8 7
4 1 1 1 1 4 4 1 
1 2
2 4
2 3
3 6
3 5
5 8
5 7

Graph 590_sub
8 7
4 1 1 2 1 4 4 1 
1 2
2 4
2 3
3 6
3 5
5 8
5 7

Graph 591_sub
8 7
1 1 1 1 4 1 1 4 
1 4
1 3
1 2
2 6
2 5
6 8
6 7

Graph 592_sub
8 7
2 1 5 1 1 1 1 1 
1 2
2 4
2 3
3 6
3 5
5 8
5 7

Graph 593_sub
8 7
5 1 1 1 1 1 1 4 
1 3
1 2
2 5
2 4
4 7
4 6
6 8

Graph 594_sub
8 7
4 1 4 4 5 1 6 4 
1 2
2 5
2 4
2 3
5 7
5 6
6 8

Graph 595_sub
8 7
4 1 4 4 1 4 4 1 
1 2
2 5
2 4
2 3
5 8
5 7
5 6

Graph 596_sub
8 7
1 4 4 5 4 1 1 4 
1 5
1 4
1 3
1 2
4 7
4 6
6 8

Graph 597_sub
8 7
4 1 6 4 1 2 2 2 
1 2
2 5
2 4
2 3
3 8
3 7
3 6

Graph 598_sub
8 7
1 1 4 1 1 6 1 1 
1 4
1 3
1 2
2 6
2 5
5 8
5 7

Graph 599_sub
8 7
5 1 1 1 1 1 1 4 
1 3
1 2
2 5
2 4
4 7
4 6
6 8

Graph 600_sub
8 7
1 6 1 2 1 2 2 2 
1 5
1 4
1 3
1 2
2 8
2 7
2 6

Graph 601_sub
8 7
1 1 4 1 1 4 5 1 
1 4
1 3
1 2
2 6
2 5
5 8
5 7

Graph 602_sub
8 7
4 1 1 1 1 2 1 4 
1 2
2 4
2 3
3 6
3 5
5 8
5 7

Graph 603_sub
8 7
4 5 1 1 1 6 4 4 
1 2
2 4
2 3
3 6
3 5
5 8
5 7

Graph 604_sub
8 7
4 1 1 1 4 1 1 1 
1 2
2 4
2 3
3 6
3 5
6 8
6 7

Graph 605_sub
8 7
4 1 4 4 1 4 1 5 
1 2
2 5
2 4
2 3
5 8
5 7
5 6

Graph 606_sub
8 7
4 1 4 1 5 1 4 4 
1 2
2 5
2 4
2 3
4 8
4 7
4 6

Graph 607_sub
8 8
5 4 1 4 5 5 1 5 
1 4
1 3
1 2
3 6
3 5
5 7
6 7
7 8

Graph 608_sub
8 7
2 4 1 1 5 2 5 4 
1 3
1 2
3 5
3 4
4 7
4 6
6 8

Graph 609_sub
8 7
1 1 1 4 1 4 1 1 
1 4
1 3
1 2
2 6
2 5
5 8
5 7

Graph 610_sub
8 7
4 1 6 4 1 6 1 4 
1 2
2 5
2 4
2 3
3 6
6 7
7 8

Graph 611_sub
8 7
1 1 1 4 1 4 1 5 
1 4
1 3
1 2
2 6
2 5
5 8
5 7

Graph 612_sub
8 7
4 1 5 1 4 1 1 4 
1 2
2 5
2 4
2 3
3 7
3 6
6 8

Graph 613_sub
8 7
4 5 1 1 4 1 4 1 
1 2
2 4
2 3
3 7
3 6
3 5
6 8

Graph 614_sub
8 7
4 1 4 1 1 4 4 1 
1 2
2 5
2 4
2 3
4 8
4 7
4 6

Graph 615_sub
8 7
2 4 5 1 1 1 1 1 
1 3
1 2
3 4
4 6
4 5
5 8
5 7

Graph 616_sub
8 7
4 1 4 4 1 1 1 1 
1 2
2 5
2 4
2 3
5 8
5 7
5 6

Graph 617_sub
8 7
5 1 1 1 5 5 4 1 
1 3
1 2
2 5
2 4
4 7
4 6
6 8

Graph 618_sub
8 7
4 1 4 4 1 4 1 4 
1 2
2 5
2 4
2 3
5 8
5 7
5 6

Graph 619_sub
8 7
4 1 4 5 1 1 7 1 
1 2
2 5
2 4
2 3
4 7
4 6
6 8

Graph 620_sub
8 7
4 1 5 4 1 4 1 6 
1 2
2 5
2 4
2 3
3 7
3 6
7 8

Graph 621_sub
8 7
4 1 1 5 1 4 5 4 
1 2
2 5
2 4
2 3
3 8
3 7
3 6

Graph 622_sub
8 7
4 1 4 5 2 4 1 5 
1 2
2 5
2 4
2 3
4 7
4 6
7 8

Graph 623_sub
8 7
4 1 5 4 1 1 4 6 
1 2
2 5
2 4
2 3
3 7
3 6
6 8

Graph 624_sub
8 7
8 1 1 8 8 5 4 2 
1 2
2 5
2 4
2 3
3 8
3 7
3 6

Graph 625_sub
8 7
1 1 4 2 4 4 4 5 
1 5
1 4
1 3
1 2
2 8
2 7
2 6

Graph 626_sub
8 7
6 1 6 5 6 1 5 6 
1 2
2 4
2 3
3 5
5 6
6 8
6 7

Graph 627_sub
8 7
1 4 4 2 4 1 6 6 
1 5
1 4
1 3
1 2
4 6
6 8
6 7

Graph 628_sub
8 7
8 1 4 1 4 2 4 4 
1 2
2 5
2 4
2 3
4 8
4 7
4 6

Graph 629_sub
8 7
4 1 1 4 4 1 4 4 
1 2
2 5
2 4
2 3
3 8
3 7
3 6

Graph 630_sub
8 7
4 1 4 6 5 1 6 5 
1 2
2 5
2 4
2 3
4 6
6 8
6 7

Graph 631_sub
8 7
4 1 4 5 1 4 1 1 
1 2
2 5
2 4
2 3
4 7
4 6
7 8

Graph 632_sub
8 7
1 1 1 4 4 4 4 4 
1 5
1 4
1 3
1 2
2 8
2 7
2 6

Graph 633_sub
8 7
1 5 1 1 4 4 5 1 
1 4
1 3
1 2
2 6
2 5
3 8
3 7

Graph 634_sub
8 7
4 1 1 1 4 1 4 1 
1 2
2 4
2 3
3 6
3 5
6 8
6 7

Graph 635_sub
8 7
2 1 5 1 1 1 4 4 
1 2
2 4
2 3
3 6
3 5
5 8
5 7

Graph 636_sub
8 7
4 1 1 5 4 4 4 1 
1 2
2 5
2 4
2 3
3 8
3 7
3 6

Graph 637_sub
8 7
1 1 1 1 4 1 1 4 
1 4
1 3
1 2
2 6
2 5
6 8
6 7

Graph 638_sub
8 7
1 1 4 4 1 4 4 1 
1 5
1 4
1 3
1 2
2 8
2 7
2 6

Graph 639_sub
8 7
1 2 1 1 1 1 1 1 
1 4
1 3
1 2
2 5
5 7
5 6
6 8

Graph 640_sub
8 7
4 1 4 1 1 4 4 1 
1 2
2 5
2 4
2 3
4 8
4 7
4 6

Graph 641_sub
8 7
4 1 2 1 1 10 2 2 
1 2
2 5
2 4
2 3
3 6
6 8
6 7

Graph 642_sub
8 7
4 1 1 1 1 4 1 4 
1 2
2 4
2 3
3 6
3 5
5 8
5 7

Graph 643_sub
8 7
4 1 4 1 5 4 5 4 
1 2
2 5
2 4
2 3
4 8
4 7
4 6

Graph 644_sub
8 7
4 1 4 1 1 2 2 4 
1 2
2 5
2 4
2 3
4 7
4 6
6 8

Graph 645_sub
8 7
4 2 1 4 1 1 1 2 
1 2
2 3
3 6
3 5
3 4
5 8
5 7

Graph 19429_sub
8 8
1 6 5 1 1 1 1 1 
1 4
1 3
1 2
2 5
4 6
5 7
5 6
6 8

Graph 647_sub
8 7
1 1 1 4 4 4 4 1 
1 5
1 4
1 3
1 2
2 8
2 7
2 6

Graph 648_sub
8 7
6 1 5 6 4 1 4 4 
1 2
2 4
2 3
3 6
3 5
6 8
6 7

Graph 649_sub
8 7
4 1 4 4 5 1 4 6 
1 2
2 5
2 4
2 3
5 7
5 6
6 8

Graph 650_sub
8 7
6 1 5 6 1 1 4 4 
1 2
2 4
2 3
3 6
3 5
5 8
5 7

Graph 651_sub
8 7
4 1 4 4 5 1 1 4 
1 2
2 5
2 4
2 3
5 7
5 6
6 8

Graph 652_sub
8 7
4 1 1 4 4 1 6 1 
1 2
2 5
2 4
2 3
3 8
3 7
3 6

Graph 653_sub
8 7
5 1 4 1 4 1 4 4 
1 4
1 3
1 2
2 7
2 6
2 5
6 8

Graph 654_sub
8 7
4 1 1 4 1 4 4 1 
1 2
2 5
2 4
2 3
3 8
3 7
3 6

Graph 655_sub
8 7
4 1 4 1 1 1 1 5 
1 2
2 5
2 4
2 3
4 8
4 7
4 6

Graph 656_sub
8 7
1 4 1 4 1 4 4 1 
1 5
1 4
1 3
1 2
3 8
3 7
3 6

Graph 657_sub
8 7
6 6 6 6 1 5 6 4 
1 3
1 2
2 4
4 5
5 7
5 6
6 8

Graph 658_sub
8 7
1 4 2 1 4 1 2 2 
1 5
1 4
1 3
1 2
3 6
6 8
6 7

Graph 659_sub
8 7
4 1 1 4 4 1 1 1 
1 2
2 5
2 4
2 3
3 7
3 6
6 8

Graph 660_sub
8 7
6 6 6 6 1 5 6 1 
1 3
1 2
2 4
4 5
5 7
5 6
6 8

Graph 661_sub
8 7
4 2 6 2 1 2 1 1 
1 2
2 3
3 6
3 5
3 4
5 8
5 7

Graph 662_sub
8 7
4 1 1 1 4 4 1 1 
1 2
2 5
2 4
2 3
3 8
3 7
3 6

Graph 663_sub
8 7
4 1 1 4 1 2 1 4 
1 2
2 5
2 4
2 3
3 7
3 6
7 8

Graph 664_sub
8 7
4 1 4 1 1 1 1 4 
1 2
2 5
2 4
2 3
4 8
4 7
4 6

Graph 665_sub
8 7
1 1 1 4 1 5 1 4 
1 4
1 3
1 2
2 6
2 5
5 8
5 7

Graph 666_sub
8 7
1 1 2 4 1 4 4 2 
1 5
1 4
1 3
1 2
2 8
2 7
2 6

Graph 667_sub
8 7
1 4 4 4 2 1 1 2 
1 5
1 4
1 3
1 2
5 6
6 8
6 7

Graph 668_sub
8 7
1 1 4 4 4 1 4 4 
1 5
1 4
1 3
1 2
2 8
2 7
2 6

Graph 669_sub
8 7
1 1 1 1 2 1 4 1 
1 4
1 3
1 2
2 6
2 5
5 7
6 8

Graph 670_sub
8 7
4 1 1 1 4 1 4 1 
1 2
2 4
2 3
3 6
3 5
6 8
6 7

Graph 671_sub
8 7
1 1 1 5 1 1 1 1 
1 4
1 3
1 2
2 6
2 5
5 8
5 7

Graph 672_sub
8 7
4 1 1 1 1 1 1 4 
1 2
2 4
2 3
3 6
3 5
5 8
5 7

Graph 673_sub
8 7
4 1 1 1 1 1 4 1 
1 2
2 4
2 3
3 6
3 5
5 8
5 7

Graph 674_sub
8 7
4 1 4 1 5 2 1 1 
1 2
2 5
2 4
2 3
4 8
4 7
4 6

Graph 675_sub
8 7
4 1 1 1 1 4 1 1 
1 2
2 4
2 3
3 6
3 5
5 8
5 7

Graph 676_sub
8 7
4 1 4 1 4 1 2 1 
1 2
2 5
2 4
2 3
4 7
4 6
6 8

Graph 677_sub
8 7
8 1 8 8 1 4 4 2 
1 2
2 5
2 4
2 3
5 8
5 7
5 6

Graph 678_sub
8 7
2 1 1 1 1 1 1 1 
1 2
2 4
2 3
3 6
3 5
5 8
5 7

Graph 679_sub
8 7
1 1 6 1 1 1 1 1 
1 4
1 3
1 2
2 6
2 5
5 8
5 7

Graph 680_sub
8 7
4 1 1 1 1 4 1 4 
1 2
2 4
2 3
3 6
3 5
5 8
5 7

Graph 681_sub
8 7
1 1 5 5 1 1 4 1 
1 4
1 3
1 2
2 6
2 5
5 8
5 7

Graph 682_sub
8 7
2 1 1 2 1 1 5 4 
1 2
2 4
2 3
3 6
3 5
5 8
5 7

Graph 683_sub
8 7
4 1 2 1 1 1 1 2 
1 2
2 4
2 3
4 6
4 5
5 8
5 7

Graph 684_sub
8 7
1 1 4 4 1 2 2 4 
1 5
1 4
1 3
1 2
2 7
2 6
7 8

Graph 685_sub
8 7
2 26 5 2 2 2 2 2 
1 3
1 2
2 8
2 7
2 6
2 5
2 4

Graph 686_sub
8 7
1 1 1 4 1 4 1 1 
1 4
1 3
1 2
2 6
2 5
5 8
5 7

Graph 687_sub
8 7
4 1 1 1 1 4 5 1 
1 2
2 4
2 3
3 6
3 5
5 8
5 7

Graph 688_sub
8 7
2 1 2 1 27 2 2 2 
1 2
2 4
2 3
3 5
5 8
5 7
5 6

Graph 689_sub
8 7
1 1 1 4 4 1 4 4 
1 5
1 4
1 3
1 2
2 8
2 7
2 6

Graph 690_sub
8 7
1 1 4 1 4 1 14 6 
1 4
1 3
1 2
2 6
2 5
6 8
6 7

Graph 691_sub
8 7
4 2 1 4 4 1 5 4 
1 2
2 3
3 6
3 5
3 4
6 8
6 7

Graph 692_sub
8 7
2 1 1 2 1 4 4 1 
1 3
1 2
2 5
2 4
5 8
5 7
5 6

Graph 693_sub
8 7
1 4 1 4 1 5 4 1 
1 5
1 4
1 3
1 2
3 8
3 7
3 6

Graph 694_sub
8 7
2 1 1 2 5 1 4 1 
1 2
2 4
2 3
3 7
3 6
3 5
5 8

Graph 695_sub
8 7
5 5 1 6 6 2 2 2 
1 2
2 3
3 5
3 4
4 8
4 7
4 6

Graph 696_sub
8 7
4 5 1 4 4 6 6 2 
1 2
2 4
2 3
3 7
3 6
3 5
6 8

Graph 697_sub
8 7
1 1 1 1 1 4 4 1 
1 4
1 3
1 2
2 6
2 5
5 8
5 7

Graph 698_sub
8 7
1 1 4 4 4 4 4 1 
1 5
1 4
1 3
1 2
2 8
2 7
2 6

Graph 699_sub
8 7
4 1 1 1 4 1 5 1 
1 2
2 5
2 4
2 3
3 8
3 7
3 6

Graph 700_sub
8 7
4 1 4 1 4 1 1 4 
1 2
2 5
2 4
2 3
4 7
4 6
6 8

Graph 701_sub
8 7
5 1 1 4 1 1 1 1 
1 4
1 3
1 2
2 6
2 5
5 8
5 7

Graph 702_sub
8 7
2 1 2 1 4 4 4 1 
1 2
2 4
2 3
3 5
4 8
4 7
4 6

Graph 703_sub
8 7
1 1 2 4 4 4 1 2 
1 5
1 4
1 3
1 2
2 8
2 7
2 6

Graph 704_sub
8 7
1 1 1 2 2 1 4 4 
1 4
1 3
1 2
2 6
2 5
5 7
6 8

Graph 705_sub
8 7
4 1 5 6 4 1 1 4 
1 2
2 5
2 4
2 3
3 7
3 6
6 8

Graph 706_sub
8 7
6 6 1 1 5 6 4 5 
1 3
1 2
2 4
4 6
4 5
5 8
5 7

Graph 707_sub
8 7
4 1 1 1 4 1 1 4 
1 2
2 4
2 3
3 6
3 5
6 8
6 7

Graph 708_sub
8 7
6 1 6 5 6 1 6 6 
1 2
2 4
2 3
3 5
5 6
6 8
6 7

Graph 709_sub
8 7
2 6 1 1 1 1 6 1 
1 2
2 4
2 3
3 6
3 5
5 8
5 7

Graph 710_sub
8 7
4 1 1 1 4 1 1 4 
1 2
2 4
2 3
3 6
3 5
6 8
6 7

Graph 711_sub
8 7
1 1 4 1 4 1 1 2 
1 4
1 3
1 2
2 6
2 5
6 8
6 7

Graph 712_sub
8 7
1 1 4 6 4 2 5 5 
1 5
1 4
1 3
1 2
2 7
2 6
7 8

Graph 713_sub
8 7
1 1 1 1 2 5 4 1 
1 4
1 3
1 2
2 6
2 5
5 7
6 8

Graph 714_sub
8 7
4 6 1 5 4 5 5 1 
1 2
2 3
3 6
3 5
3 4
4 8
4 7

Graph 715_sub
8 7
1 4 1 1 4 1 5 5 
1 5
1 4
1 3
1 2
3 8
3 7
3 6

Graph 716_sub
8 7
1 5 6 4 5 1 1 5 
1 5
1 4
1 3
1 2
2 6
6 8
6 7

Graph 717_sub
8 7
1 4 1 1 1 4 1 4 
1 4
1 3
1 2
3 6
3 5
5 8
5 7

Graph 26560_sub
8 7
1 1 4 1 1 4 1 4 
1 4
1 3
1 2
2 6
2 5
5 8
5 7

Graph 719_sub
8 7
4 1 1 2 4 4 4 4 
1 2
2 5
2 4
2 3
3 8
3 7
3 6

Graph 720_sub
8 7
4 1 4 1 1 4 5 4 
1 2
2 5
2 4
2 3
4 8
4 7
4 6

Graph 721_sub
8 7
4 1 4 5 1 4 4 4 
1 2
2 5
2 4
2 3
4 7
4 6
5 8

Graph 722_sub
8 7
4 1 1 4 4 1 5 4 
1 2
2 5
2 4
2 3
3 7
3 6
6 8

Graph 723_sub
8 7
4 1 1 1 1 5 4 1 
1 2
2 4
2 3
3 6
3 5
5 8
5 7

Graph 724_sub
8 7
4 1 4 2 4 1 1 1 
1 2
2 5
2 4
2 3
4 6
6 8
6 7

Graph 725_sub
8 7
1 2 1 2 1 1 1 4 
1 4
1 3
1 2
3 6
3 5
5 8
5 7

Graph 726_sub
8 7
4 1 1 1 4 1 1 4 
1 2
2 4
2 3
3 6
3 5
6 8
6 7

Graph 727_sub
8 7
2 6 1 2 2 4 1 2 
1 2
2 5
2 4
2 3
3 8
3 7
3 6

Graph 728_sub
8 7
4 1 1 1 4 1 4 1 
1 2
2 4
2 3
3 6
3 5
6 8
6 7

Graph 729_sub
8 7
1 1 4 1 1 1 1 6 
1 4
1 3
1 2
2 6
2 5
5 8
5 7

Graph 730_sub
8 7
4 1 4 1 1 1 4 4 
1 2
2 5
2 4
2 3
4 8
4 7
4 6

Graph 731_sub
8 7
1 1 1 4 1 4 1 4 
1 4
1 3
1 2
2 6
2 5
5 8
5 7

Graph 732_sub
8 7
4 1 1 1 4 4 4 4 
1 2
2 5
2 4
2 3
3 8
3 7
3 6

Graph 733_sub
8 7
1 1 2 5 1 4 4 1 
1 4
1 3
1 2
2 7
2 6
2 5
5 8

Graph 734_sub
8 7
4 1 4 4 5 1 1 2 
1 2
2 5
2 4
2 3
5 7
5 6
6 8

Graph 735_sub
8 7
1 1 1 4 4 1 4 4 
1 5
1 4
1 3
1 2
2 8
2 7
2 6

Graph 736_sub
8 7
4 1 4 4 1 1 5 1 
1 2
2 5
2 4
2 3
5 7
5 6
6 8

Graph 737_sub
8 7
1 5 1 1 3 1 5 5 
1 4
1 3
1 2
2 6
2 5
5 8
5 7

Graph 738_sub
8 7
1 4 4 1 1 4 4 5 
1 5
1 4
1 3
1 2
4 8
4 7
4 6

Graph 739_sub
8 7
1 4 4 4 5 1 1 4 
1 5
1 4
1 3
1 2
5 7
5 6
6 8

Graph 740_sub
8 7
4 1 5 1 4 1 1 4 
1 2
2 5
2 4
2 3
3 7
3 6
6 8

Graph 741_sub
8 7
1 1 4 1 4 1 1 5 
1 4
1 3
1 2
2 6
2 5
6 8
6 7

Graph 742_sub
8 7
4 1 1 4 1 1 1 1 
1 2
2 5
2 4
2 3
3 7
3 6
6 8

Graph 743_sub
8 7
2 1 1 2 4 1 1 4 
1 2
2 4
2 3
3 6
3 5
6 8
6 7

Graph 744_sub
8 7
1 1 4 1 4 1 5 5 
1 4
1 3
1 2
2 6
2 5
6 8
6 7

Graph 745_sub
8 7
1 2 5 5 1 1 1 2 
1 4
1 3
1 2
3 6
3 5
5 8
5 7

Graph 746_sub
8 7
4 1 5 4 1 1 1 5 
1 2
2 5
2 4
2 3
3 7
3 6
6 8

Graph 747_sub
8 7
1 1 4 1 1 4 1 1 
1 4
1 3
1 2
2 6
2 5
5 8
5 7

Graph 748_sub
8 7
4 1 1 1 1 4 1 4 
1 2
2 4
2 3
3 6
3 5
5 8
5 7

Graph 749_sub
8 7
1 1 1 4 1 4 1 4 
1 4
1 3
1 2
2 6
2 5
5 8
5 7

Graph 750_sub
8 7
4 1 1 5 1 6 1 1 
1 2
2 4
2 3
3 6
3 5
5 8
5 7

Graph 751_sub
8 7
5 5 5 1 2 1 4 1 
1 3
1 2
2 4
4 6
4 5
5 7
6 8

Graph 752_sub
8 7
4 1 6 4 4 1 5 1 
1 2
2 5
2 4
2 3
3 6
6 8
6 7

Graph 753_sub
8 7
4 1 1 1 4 2 2 1 
1 2
2 5
2 4
2 3
3 7
3 6
7 8

Graph 754_sub
8 7
4 1 1 1 5 1 4 4 
1 2
2 4
2 3
3 6
3 5
5 8
5 7

Graph 755_sub
8 7
4 1 1 4 4 1 5 1 
1 2
2 5
2 4
2 3
3 7
3 6
6 8

Graph 756_sub
8 7
1 4 1 4 4 1 5 1 
1 5
1 4
1 3
1 2
3 7
3 6
6 8

Graph 757_sub
8 7
4 1 4 1 1 1 4 4 
1 2
2 5
2 4
2 3
4 8
4 7
4 6

Graph 758_sub
8 7
5 1 5 1 1 1 4 4 
1 3
1 2
2 5
2 4
4 8
4 7
4 6

Graph 759_sub
8 7
2 6 2 5 1 4 5 1 
1 2
2 5
2 4
2 3
4 7
4 6
7 8

Graph 760_sub
8 7
2 6 5 1 2 4 5 1 
1 2
2 5
2 4
2 3
3 7
3 6
7 8

Graph 761_sub
8 7
4 5 6 5 2 1 2 1 
1 2
2 4
2 3
3 7
3 6
3 5
6 8

Graph 762_sub
8 7
4 1 1 1 4 4 4 2 
1 2
2 5
2 4
2 3
3 8
3 7
3 6

Graph 763_sub
8 7
1 5 4 4 4 1 1 1 
1 5
1 4
1 3
1 2
2 7
2 6
6 8

Graph 764_sub
8 7
4 1 4 4 1 1 4 4 
1 2
2 5
2 4
2 3
5 8
5 7
5 6

Graph 765_sub
8 7
4 5 4 1 1 1 4 1 
1 2
2 4
2 3
4 6
4 5
5 8
5 7

Graph 766_sub
8 7
4 1 1 1 1 1 4 5 
1 2
2 4
2 3
3 6
3 5
5 8
5 7

Graph 767_sub
8 7
1 1 1 5 1 4 4 1 
1 4
1 3
1 2
2 6
2 5
5 8
5 7

Graph 768_sub
8 7
4 5 1 1 2 1 4 4 
1 2
2 4
2 3
3 6
3 5
6 8
6 7

Graph 769_sub
8 7
4 1 1 1 4 1 4 4 
1 2
2 5
2 4
2 3
3 8
3 7
3 6

Graph 770_sub
8 7
1 4 4 1 1 4 1 5 
1 4
1 3
1 2
4 6
4 5
5 8
5 7

Graph 771_sub
8 7
1 1 1 4 1 1 4 1 
1 4
1 3
1 2
2 6
2 5
5 8
5 7

Graph 772_sub
8 7
1 1 6 4 2 1 4 4 
1 5
1 4
1 3
1 2
2 8
2 7
2 6

Graph 773_sub
8 7
4 1 1 2 6 4 1 4 
1 2
2 5
2 4
2 3
3 8
3 7
3 6

Graph 774_sub
8 7
4 1 1 1 4 6 4 2 
1 2
2 5
2 4
2 3
3 8
3 7
3 6

Graph 775_sub
8 7
4 2 6 2 2 1 1 4 
1 2
2 3
3 6
3 5
3 4
6 8
6 7

Graph 776_sub
8 7
5 2 1 2 1 1 1 4 
1 4
1 3
1 2
3 6
3 5
5 8
5 7

Graph 777_sub
8 7
4 1 1 4 1 2 2 4 
1 2
2 5
2 4
2 3
3 7
3 6
7 8

Graph 778_sub
8 7
2 1 4 2 1 4 1 4 
1 3
1 2
2 5
2 4
5 8
5 7
5 6

Graph 779_sub
8 7
4 1 1 1 5 1 28 1 
1 2
2 4
2 3
3 6
3 5
5 8
5 7

Graph 780_sub
8 7
4 1 1 1 2 1 6 2 
1 2
2 4
2 3
3 6
3 5
5 7
7 8

Graph 781_sub
8 7
4 1 2 4 4 1 1 2 
1 2
2 5
2 4
2 3
3 6
6 8
6 7

Graph 782_sub
8 7
1 1 1 1 1 1 1 2 
1 4
1 3
1 2
2 6
2 5
5 8
5 7

Graph 783_sub
8 7
1 4 4 5 1 1 1 1 
1 5
1 4
1 3
1 2
4 8
4 7
4 6

Graph 784_sub
8 7
23 1 23 1 6 1 23 23 
1 2
2 5
2 4
2 3
4 8
4 7
4 6

Graph 785_sub
8 7
4 1 4 1 5 6 4 4 
1 2
2 5
2 4
2 3
4 8
4 7
4 6

Graph 786_sub
8 7
5 1 1 1 1 4 4 2 
1 4
1 3
1 2
2 7
2 6
2 5
5 8

Graph 787_sub
8 7
2 3 1 5 2 5 1 1 
1 3
1 2
2 6
2 5
2 4
4 8
4 7

Graph 788_sub
8 7
4 1 5 4 1 1 1 1 
1 2
2 5
2 4
2 3
3 8
3 7
3 6

Graph 789_sub
8 7
1 5 1 1 4 1 4 1 
1 5
1 4
1 3
1 2
2 7
2 6
6 8

Graph 790_sub
8 7
1 1 1 4 4 5 1 1 
1 3
1 2
2 6
2 5
2 4
6 8
6 7

Graph 791_sub
8 7
4 5 1 1 1 1 5 6 
1 2
2 4
2 3
3 6
3 5
5 8
5 7

Graph 792_sub
8 7
1 1 2 4 1 1 4 2 
1 5
1 4
1 3
1 2
2 8
2 7
2 6

Graph 793_sub
8 7
2 1 1 4 2 1 1 1 
1 3
1 2
2 6
2 5
2 4
5 7
7 8

Graph 794_sub
8 7
5 1 1 1 4 4 1 1 
1 4
1 3
1 2
2 7
2 6
2 5
7 8

Graph 795_sub
8 7
1 1 4 1 4 4 1 4 
1 5
1 4
1 3
1 2
2 8
2 7
2 6

Graph 796_sub
8 7
4 1 1 1 4 1 1 6 
1 2
2 4
2 3
3 6
3 5
6 8
6 7

Graph 797_sub
8 7
4 5 1 5 5 4 4 4 
1 2
2 3
3 5
3 4
4 7
4 6
5 8

Graph 798_sub
8 7
1 1 1 5 1 4 4 1 
1 4
1 3
1 2
2 6
2 5
5 8
5 7

Graph 799_sub
8 7
4 1 1 1 1 2 1 2 
1 2
2 4
2 3
3 6
3 5
5 8
5 7

Graph 800_sub
8 7
5 4 1 1 1 1 1 4 
1 4
1 3
1 2
3 6
3 5
5 8
5 7

Graph 801_sub
8 7
2 6 1 2 1 1 1 4 
1 2
2 5
2 4
2 3
3 7
3 6
6 8

Graph 802_sub
8 7
4 1 1 6 1 1 1 1 
1 2
2 4
2 3
3 6
3 5
5 8
5 7

Graph 803_sub
8 7
4 5 1 1 4 4 1 4 
1 2
2 4
2 3
3 7
3 6
3 5
7 8

Graph 804_sub
8 7
4 1 1 4 1 1 4 4 
1 2
2 5
2 4
2 3
3 8
3 7
3 6

Graph 805_sub
8 7
5 1 1 1 1 1 1 1 
1 3
1 2
2 5
2 4
4 7
4 6
6 8

Graph 806_sub
8 7
4 1 1 1 1 4 4 1 
1 2
2 4
2 3
3 6
3 5
5 8
5 7

Graph 807_sub
8 7
1 1 1 4 4 1 1 1 
1 4
1 3
1 2
2 6
2 5
6 8
6 7

Graph 808_sub
8 7
1 1 1 4 1 1 1 1 
1 4
1 3
1 2
2 6
2 5
5 8
5 7

Graph 809_sub
8 7
1 4 1 1 4 1 2 1 
1 4
1 3
1 2
3 6
3 5
6 8
6 7

Graph 810_sub
8 7
4 1 4 2 4 1 1 1 
1 2
2 5
2 4
2 3
4 6
6 8
6 7

Graph 811_sub
8 7
5 1 4 5 5 1 4 1 
1 4
1 3
1 2
2 6
2 5
5 7
6 8

Graph 812_sub
8 7
1 5 1 1 4 1 5 6 
1 4
1 3
1 2
2 6
2 5
6 8
6 7

Graph 813_sub
8 7
4 1 6 4 1 2 2 2 
1 2
2 5
2 4
2 3
3 8
3 7
3 6

Graph 814_sub
8 7
4 1 4 1 4 2 5 4 
1 2
2 5
2 4
2 3
4 7
4 6
7 8

Graph 815_sub
8 7
4 1 1 5 5 4 1 4 
1 2
2 4
2 3
3 6
3 5
5 7
7 8

Graph 816_sub
8 7
1 1 1 1 4 1 4 5 
1 4
1 3
1 2
2 6
2 5
6 8
6 7

Graph 817_sub
8 7
1 1 4 1 1 1 1 1 
1 4
1 3
1 2
2 6
2 5
5 8
5 7

Graph 818_sub
8 7
1 2 1 5 1 4 1 8 
1 4
1 3
1 2
3 6
3 5
5 8
5 7

Graph 819_sub
8 7
4 1 1 1 1 4 1 4 
1 2
2 4
2 3
3 6
3 5
5 8
5 7

Graph 820_sub
8 7
1 4 1 1 1 5 1 4 
1 4
1 3
1 2
3 6
3 5
5 8
5 7

Graph 821_sub
8 7
5 1 5 1 8 1 5 4 
1 3
1 2
2 5
2 4
4 7
4 6
6 8

Graph 822_sub
8 7
1 1 4 1 1 6 4 1 
1 4
1 3
1 2
2 6
2 5
5 8
5 7

Graph 823_sub
8 7
4 1 4 4 5 1 1 1 
1 2
2 5
2 4
2 3
5 8
5 7
5 6

Graph 824_sub
8 7
5 1 1 1 1 5 1 4 
1 4
1 3
1 2
2 6
2 5
5 8
5 7

Graph 825_sub
8 7
2 4 1 1 2 4 4 1 
1 3
1 2
3 5
3 4
4 8
4 7
4 6

Graph 826_sub
8 7
4 1 1 1 4 4 1 4 
1 2
2 5
2 4
2 3
3 8
3 7
3 6

Graph 827_sub
8 7
1 1 8 1 1 4 1 4 
1 4
1 3
1 2
2 6
2 5
5 8
5 7

Graph 828_sub
8 7
4 1 1 1 4 1 1 4 
1 2
2 5
2 4
2 3
3 8
3 7
3 6

Graph 829_sub
8 7
4 1 1 4 4 1 1 4 
1 2
2 5
2 4
2 3
3 7
3 6
6 8

Graph 830_sub
8 7
1 1 4 1 4 2 2 4 
1 5
1 4
1 3
1 2
2 7
2 6
6 8

Graph 831_sub
8 7
1 6 5 6 4 1 4 1 
1 4
1 3
1 2
3 6
3 5
6 8
6 7

Graph 832_sub
8 7
4 1 4 4 1 1 4 4 
1 2
2 5
2 4
2 3
5 8
5 7
5 6

Graph 833_sub
8 7
6 7 6 2 2 1 4 1 
1 2
2 5
2 4
2 3
3 6
6 8
6 7

Graph 834_sub
8 7
4 1 4 4 5 1 1 4 
1 2
2 5
2 4
2 3
5 7
5 6
6 8

Graph 835_sub
8 7
2 1 1 5 4 4 26 1 
1 3
1 2
2 6
2 5
2 4
4 8
4 7

Graph 836_sub
8 7
4 1 4 1 4 1 4 4 
1 2
2 5
2 4
2 3
4 8
4 7
4 6

Graph 837_sub
8 7
4 1 1 1 2 1 4 1 
1 2
2 4
2 3
3 6
3 5
5 7
6 8

Graph 838_sub
8 7
2 4 1 1 1 1 4 4 
1 3
1 2
3 5
3 4
4 7
4 6
6 8

Graph 839_sub
8 7
1 1 1 4 1 2 1 1 
1 4
1 3
1 2
2 6
2 5
5 8
5 7

Graph 840_sub
8 7
4 2 1 1 1 1 4 2 
1 2
2 3
3 5
3 4
4 7
4 6
6 8

Graph 841_sub
8 7
4 1 1 1 4 1 1 1 
1 2
2 4
2 3
3 6
3 5
6 8
6 7

Graph 842_sub
8 7
5 1 1 1 1 1 1 1 
1 3
1 2
2 5
2 4
4 7
4 6
6 8

Graph 843_sub
8 7
4 1 1 1 4 1 2 1 
1 2
2 4
2 3
3 6
3 5
6 8
6 7

Graph 844_sub
8 7
1 1 1 4 4 4 4 4 
1 5
1 4
1 3
1 2
2 8
2 7
2 6

Graph 845_sub
8 7
4 1 5 1 4 1 1 1 
1 2
2 5
2 4
2 3
3 8
3 7
3 6

Graph 846_sub
8 7
1 4 4 4 5 1 1 1 
1 5
1 4
1 3
1 2
5 8
5 7
5 6

Graph 847_sub
8 7
1 5 1 1 1 1 5 4 
1 4
1 3
1 2
2 6
2 5
5 8
5 7

Graph 848_sub
8 7
1 4 4 4 5 1 1 1 
1 5
1 4
1 3
1 2
5 7
5 6
6 8

Graph 849_sub
8 7
4 1 4 1 5 2 4 1 
1 2
2 5
2 4
2 3
4 8
4 7
4 6

Graph 850_sub
8 7
1 4 1 1 4 4 4 1 
1 5
1 4
1 3
1 2
3 8
3 7
3 6

Graph 851_sub
8 7
1 1 4 1 6 1 1 4 
1 5
1 4
1 3
1 2
2 7
2 6
6 8

Graph 852_sub
8 7
1 1 5 1 1 4 1 4 
1 4
1 3
1 2
2 6
2 5
5 8
5 7

Graph 853_sub
8 7
1 1 2 2 1 1 1 2 
1 4
1 3
1 2
2 7
2 6
2 5
5 8

Graph 854_sub
8 7
4 1 1 4 4 1 4 4 
1 2
2 5
2 4
2 3
3 8
3 7
3 6

Graph 855_sub
8 7
1 4 1 4 1 4 1 4 
1 5
1 4
1 3
1 2
3 8
3 7
3 6

Graph 856_sub
8 7
1 4 1 2 1 4 4 1 
1 5
1 4
1 3
1 2
3 8
3 7
3 6

Graph 857_sub
8 7
4 1 1 1 4 4 4 5 
1 2
2 5
2 4
2 3
3 8
3 7
3 6

Graph 858_sub
8 7
4 1 1 1 1 4 2 1 
1 2
2 5
2 4
2 3
3 8
3 7
3 6

Graph 859_sub
8 7
4 5 1 1 5 5 4 29 
1 2
2 4
2 3
3 6
3 5
5 8
5 7

Graph 860_sub
8 7
1 1 5 1 5 2 1 5 
1 4
1 3
1 2
2 6
2 5
5 7
7 8

Graph 861_sub
8 7
2 1 1 1 2 1 4 4 
1 3
1 2
2 5
2 4
4 8
4 7
4 6

Graph 862_sub
8 7
2 1 2 1 1 1 1 1 
1 2
2 4
2 3
3 5
5 7
5 6
6 8

Graph 863_sub
8 7
2 6 4 2 2 5 1 4 
1 3
1 2
2 6
2 5
2 4
6 8
6 7

Graph 864_sub
8 7
1 2 1 5 4 1 1 1 
1 4
1 3
1 2
2 5
3 7
3 6
6 8

Graph 865_sub
8 7
1 4 1 1 4 1 4 1 
1 4
1 3
1 2
3 6
3 5
6 8
6 7

Graph 866_sub
8 7
4 1 1 4 4 1 1 1 
1 2
2 5
2 4
2 3
3 8
3 7
3 6

Graph 867_sub
8 7
1 1 1 1 1 8 1 4 
1 4
1 3
1 2
2 6
2 5
5 8
5 7

Graph 868_sub
8 7
1 4 1 1 4 1 4 1 
1 4
1 3
1 2
3 6
3 5
6 8
6 7

Graph 869_sub
8 7
1 1 1 2 4 4 1 2 
1 5
1 4
1 3
1 2
2 8
2 7
2 6

Graph 870_sub
8 7
4 1 4 5 1 1 1 1 
1 2
2 5
2 4
2 3
4 7
4 6
6 8

Graph 871_sub
8 7
4 5 1 1 1 2 1 1 
1 2
2 4
2 3
3 6
3 5
5 8
5 7

Graph 872_sub
8 7
1 4 1 4 2 4 4 5 
1 5
1 4
1 3
1 2
3 8
3 7
3 6

Graph 873_sub
8 7
4 5 1 5 5 4 4 1 
1 2
2 3
3 5
3 4
4 7
4 6
5 8

Graph 874_sub
8 7
1 5 5 5 4 1 1 1 
1 4
1 3
1 2
2 6
2 5
6 8
6 7

Graph 875_sub
8 7
1 1 4 1 6 1 2 2 
1 4
1 3
1 2
2 6
2 5
5 8
5 7

Graph 876_sub
8 7
1 1 6 1 4 1 1 4 
1 4
1 3
1 2
2 6
2 5
6 8
6 7

Graph 877_sub
8 7
1 1 1 4 4 1 1 1 
1 4
1 3
1 2
2 6
2 5
6 8
6 7

Graph 878_sub
8 7
6 1 5 5 4 1 1 5 
1 2
2 4
2 3
3 6
3 5
6 8
6 7

Graph 879_sub
8 7
1 6 5 5 1 4 5 1 
1 4
1 3
1 2
3 6
3 5
5 8
5 7

Graph 880_sub
8 7
1 1 5 4 4 1 4 1 
1 4
1 3
1 2
2 6
2 5
6 8
6 7

Graph 881_sub
7 6
4 2 6 2 2 2 4 
1 2
2 3
3 6
3 5
3 4
4 7

Graph 882_sub
8 7
4 1 1 1 4 1 1 4 
1 2
2 4
2 3
3 6
3 5
6 8
6 7

Graph 883_sub
8 7
1 6 1 1 1 1 1 4 
1 4
1 3
1 2
2 5
5 7
5 6
6 8

Graph 884_sub
8 7
4 1 1 1 1 1 1 5 
1 2
2 4
2 3
3 6
3 5
5 8
5 7

Graph 885_sub
8 7
4 1 1 1 1 4 1 1 
1 2
2 4
2 3
3 6
3 5
5 8
5 7

Graph 886_sub
8 7
4 1 4 5 1 1 1 1 
1 2
2 5
2 4
2 3
4 8
4 7
4 6

Graph 887_sub
8 7
4 1 4 5 1 1 4 5 
1 2
2 5
2 4
2 3
4 7
4 6
6 8

Graph 888_sub
8 7
4 1 1 5 4 4 4 5 
1 2
2 5
2 4
2 3
3 8
3 7
3 6

Graph 889_sub
8 7
1 6 5 6 6 1 6 2 
1 4
1 3
1 2
2 5
5 6
6 8
6 7

Graph 890_sub
8 7
4 5 1 1 1 4 4 4 
1 2
2 4
2 3
3 7
3 6
3 5
5 8

Graph 891_sub
8 7
4 5 1 1 6 6 6 1 
1 2
2 4
2 3
3 6
3 5
6 7
7 8

Graph 892_sub
8 7
2 6 2 2 2 1 4 1 
1 2
2 5
2 4
2 3
3 6
6 8
6 7

Graph 893_sub
8 7
1 4 1 4 1 1 4 4 
1 5
1 4
1 3
1 2
3 8
3 7
3 6

Graph 894_sub
8 7
4 1 1 1 1 11 2 1 
1 2
2 4
2 3
3 6
3 5
5 8
5 7

Graph 895_sub
8 7
4 1 1 1 4 1 1 4 
1 2
2 5
2 4
2 3
3 8
3 7
3 6

Graph 896_sub
8 7
1 1 1 4 4 1 1 6 
1 4
1 3
1 2
2 6
2 5
6 8
6 7

Graph 897_sub
8 7
1 1 4 1 4 1 4 1 
1 4
1 3
1 2
2 6
2 5
6 8
6 7

Graph 898_sub
8 7
1 1 1 4 1 4 4 1 
1 4
1 3
1 2
2 6
2 5
5 8
5 7

Graph 899_sub
8 7
8 1 1 1 5 1 2 2 
1 2
2 4
2 3
3 6
3 5
5 8
5 7

Graph 900_sub
8 7
1 1 5 1 1 1 1 1 
1 3
1 2
2 6
2 5
2 4
4 8
4 7

Graph 901_sub
8 7
4 1 2 4 4 1 1 1 
1 2
2 5
2 4
2 3
3 6
6 8
6 7

Graph 902_sub
8 7
4 1 5 4 1 1 1 4 
1 2
2 5
2 4
2 3
3 7
3 6
6 8

Graph 903_sub
8 7
4 1 1 1 1 1 4 1 
1 2
2 4
2 3
3 6
3 5
5 8
5 7

Graph 904_sub
8 7
1 1 1 2 4 1 1 1 
1 5
1 4
1 3
1 2
2 7
2 6
6 8

Graph 905_sub
8 7
1 1 4 4 5 4 4 1 
1 5
1 4
1 3
1 2
2 8
2 7
2 6

Graph 906_sub
8 7
1 1 1 1 4 2 2 1 
1 5
1 4
1 3
1 2
2 7
2 6
7 8

Graph 907_sub
8 7
5 1 5 4 1 2 4 1 
1 4
1 3
1 2
2 6
2 5
5 8
5 7

Graph 908_sub
8 7
1 5 1 2 5 1 1 4 
1 4
1 3
1 2
2 6
2 5
5 8
5 7

Graph 909_sub
8 7
5 1 5 1 1 4 1 8 
1 3
1 2
2 5
2 4
4 7
4 6
7 8

Graph 910_sub
8 7
1 1 1 2 1 4 1 4 
1 4
1 3
1 2
2 6
2 5
5 8
5 7

Graph 911_sub
8 7
4 1 5 1 1 1 1 5 
1 2
2 4
2 3
3 6
3 5
5 8
5 7

Graph 912_sub
8 7
1 1 1 1 1 1 1 4 
1 4
1 3
1 2
2 7
2 6
2 5
5 8

Graph 913_sub
8 7
4 1 4 4 1 1 1 1 
1 2
2 5
2 4
2 3
5 7
5 6
6 8

Graph 914_sub
8 7
4 1 6 4 4 6 2 2 
1 2
2 5
2 4
2 3
3 8
3 7
3 6

Graph 915_sub
8 7
4 1 4 2 4 1 1 1 
1 2
2 5
2 4
2 3
4 6
6 8
6 7

Graph 916_sub
8 7
4 1 4 4 1 1 1 2 
1 2
2 5
2 4
2 3
5 8
5 7
5 6

Graph 917_sub
8 7
5 1 5 1 1 5 5 4 
1 3
1 2
2 5
2 4
4 7
4 6
6 8

Graph 918_sub
8 8
5 17 1 5 1 1 1 4 
1 3
1 2
2 4
3 5
4 5
5 6
6 8
6 7

Graph 919_sub
8 7
1 4 4 1 1 4 1 4 
1 5
1 4
1 3
1 2
4 8
4 7
4 6

Graph 920_sub
8 7
4 1 2 4 1 1 2 1 
1 2
2 5
2 4
2 3
3 6
6 8
6 7

Graph 921_sub
8 7
5 5 4 1 1 1 4 4 
1 4
1 3
1 2
2 6
2 5
5 8
5 7

Graph 922_sub
8 7
1 4 1 1 1 4 1 4 
1 4
1 3
1 2
3 6
3 5
5 8
5 7

Graph 923_sub
8 7
1 1 4 4 1 1 2 1 
1 5
1 4
1 3
1 2
2 8
2 7
2 6

Graph 924_sub
8 7
2 1 4 2 1 1 1 1 
1 3
1 2
2 5
2 4
5 7
5 6
6 8

Graph 925_sub
8 7
4 2 1 2 1 4 1 6 
1 2
2 3
3 5
3 4
5 8
5 7
5 6

Graph 926_sub
8 7
4 5 3 1 5 5 5 1 
1 2
2 4
2 3
3 7
3 6
3 5
5 8

Graph 927_sub
8 7
2 1 2 1 3 2 5 5 
1 2
2 4
2 3
3 5
5 8
5 7
5 6

Graph 928_sub
8 7
1 1 4 4 5 4 4 1 
1 5
1 4
1 3
1 2
2 8
2 7
2 6

Graph 929_sub
8 7
4 1 1 21 4 4 1 4 
1 2
2 5
2 4
2 3
3 8
3 7
3 6

Graph 930_sub
8 7
5 1 5 5 5 1 5 1 
1 3
1 2
2 5
2 4
4 6
6 8
6 7

Graph 931_sub
8 7
4 1 1 1 11 1 1 4 
1 2
2 4
2 3
3 6
3 5
6 8
6 7

Graph 932_sub
8 7
4 1 1 4 6 4 5 4 
1 2
2 5
2 4
2 3
3 8
3 7
3 6

Graph 933_sub
8 7
1 1 1 4 1 6 4 1 
1 4
1 3
1 2
2 6
2 5
5 8
5 7

Graph 934_sub
8 7
1 1 1 1 4 1 1 4 
1 4
1 3
1 2
2 6
2 5
6 8
6 7

Graph 935_sub
8 7
1 1 5 1 4 4 4 1 
1 4
1 3
1 2
2 7
2 6
2 5
3 8

Graph 936_sub
8 7
4 1 1 1 1 4 1 1 
1 2
2 4
2 3
3 6
3 5
5 8
5 7

Graph 937_sub
8 7
5 4 1 1 5 1 1 5 
1 3
1 2
3 5
3 4
4 7
4 6
6 8

Graph 938_sub
8 7
1 2 2 1 1 1 1 4 
1 4
1 3
1 2
2 5
5 7
5 6
6 8

Graph 939_sub
8 7
4 1 1 1 4 1 5 2 
1 2
2 4
2 3
3 6
3 5
6 8
6 7

Graph 940_sub
8 7
4 1 1 1 5 2 1 4 
1 2
2 5
2 4
2 3
3 8
3 7
3 6

Graph 941_sub
8 7
4 2 6 1 2 2 4 1 
1 2
2 3
3 6
3 5
3 4
4 8
4 7

Graph 942_sub
8 7
4 1 1 1 1 4 4 1 
1 2
2 5
2 4
2 3
3 8
3 7
3 6

Graph 943_sub
8 7
8 1 5 1 1 5 5 4 
1 2
2 4
2 3
3 5
5 7
5 6
6 8

Graph 944_sub
8 7
1 1 5 1 4 1 1 4 
1 4
1 3
1 2
2 6
2 5
6 8
6 7

Graph 945_sub
8 7
4 1 4 1 2 1 4 4 
1 2
2 5
2 4
2 3
4 8
4 7
4 6

Graph 946_sub
8 7
1 4 4 1 2 4 4 5 
1 5
1 4
1 3
1 2
4 8
4 7
4 6

Graph 947_sub
8 7
1 1 4 1 4 1 4 4 
1 5
1 4
1 3
1 2
2 8
2 7
2 6

Graph 948_sub
8 7
4 5 4 5 1 1 6 6 
1 2
2 4
2 3
4 6
4 5
5 8
5 7

Graph 949_sub
8 7
1 1 1 4 1 4 1 1 
1 4
1 3
1 2
2 6
2 5
5 8
5 7

Graph 950_sub
8 7
1 6 4 1 4 2 2 2 
1 5
1 4
1 3
1 2
2 8
2 7
2 6

Graph 951_sub
8 7
2 4 6 2 1 2 4 4 
1 3
1 2
3 6
3 5
3 4
5 8
5 7

Graph 952_sub
8 7
4 1 1 1 5 4 1 1 
1 2
2 4
2 3
3 6
3 5
5 7
7 8

Graph 953_sub
8 7
2 1 1 1 1 4 1 1 
1 3
1 2
2 5
2 4
4 7
4 6
7 8

Graph 954_sub
8 7
1 4 4 4 2 1 1 1 
1 5
1 4
1 3
1 2
5 6
6 8
6 7

Graph 955_sub
8 7
1 1 1 1 1 4 4 4 
1 4
1 3
1 2
2 7
2 6
2 5
5 8

Graph 956_sub
8 7
4 1 5 1 4 1 5 4 
1 2
2 5
2 4
2 3
3 7
3 6
6 8

Graph 957_sub
8 7
1 4 1 1 4 5 1 1 
1 4
1 3
1 2
3 6
3 5
6 7
7 8

Graph 958_sub
8 7
2 1 2 1 1 4 4 1 
1 2
2 4
2 3
3 5
5 8
5 7
5 6

Graph 959_sub
8 7
4 1 4 1 2 4 1 1 
1 2
2 5
2 4
2 3
4 8
4 7
4 6

Graph 960_sub
8 7
1 4 1 5 1 4 4 1 
1 5
1 4
1 3
1 2
3 8
3 7
3 6

Graph 961_sub
8 7
4 1 4 2 4 1 4 1 
1 2
2 5
2 4
2 3
4 6
6 8
6 7

Graph 962_sub
8 7
2 1 1 5 1 4 1 1 
1 3
1 2
2 6
2 5
2 4
4 8
4 7

Graph 963_sub
8 7
1 1 1 4 4 1 1 1 
1 4
1 3
1 2
2 6
2 5
6 8
6 7

Graph 964_sub
8 7
4 1 1 4 1 4 1 4 
1 2
2 5
2 4
2 3
3 8
3 7
3 6

Graph 965_sub
8 7
4 1 1 1 1 4 1 1 
1 2
2 4
2 3
3 6
3 5
5 8
5 7

Graph 966_sub
8 7
5 1 1 1 1 4 4 1 
1 4
1 3
1 2
2 7
2 6
2 5
5 8

Graph 967_sub
8 7
1 1 1 1 1 1 1 4 
1 5
1 4
1 3
1 2
2 8
2 7
2 6

Graph 968_sub
8 7
1 1 1 1 4 4 1 1 
1 5
1 4
1 3
1 2
2 8
2 7
2 6

Graph 969_sub
8 7
4 1 4 4 1 1 2 4 
1 2
2 5
2 4
2 3
5 8
5 7
5 6

Graph 970_sub
8 7
4 1 1 1 4 2 4 1 
1 2
2 5
2 4
2 3
3 8
3 7
3 6

Graph 971_sub
8 7
1 1 4 1 1 1 1 4 
1 5
1 4
1 3
1 2
2 8
2 7
2 6

Graph 972_sub
8 7
4 1 1 4 1 4 4 4 
1 2
2 4
2 3
3 6
3 5
5 8
5 7

Graph 973_sub
8 8
6 1 6 5 1 1 4 4 
1 2
2 4
2 3
3 5
4 6
5 7
5 6
6 8

Graph 974_sub
8 8
6 6 1 1 1 4 1 4 
1 3
1 2
2 4
3 5
4 6
4 5
5 7
7 8

Graph 975_sub
8 8
6 1 6 1 6 1 4 1 
1 2
2 4
2 3
3 5
4 8
4 6
5 6
6 7

Graph 976_sub
8 7
2 4 5 1 1 1 2 2 
1 3
1 2
3 4
4 6
4 5
5 8
5 7

Graph 977_sub
8 7
2 1 1 4 1 4 4 4 
1 3
1 2
2 6
2 5
2 4
5 8
5 7

Graph 978_sub
8 7
4 5 1 1 1 5 1 6 
1 2
2 4
2 3
3 6
3 5
5 8
5 7

Graph 979_sub
8 7
2 1 1 1 1 1 2 1 
1 3
1 2
2 5
2 4
4 7
4 6
6 8

Graph 980_sub
8 7
5 1 4 1 4 1 4 4 
1 4
1 3
1 2
2 7
2 6
2 5
6 8

Graph 981_sub
8 7
4 1 4 1 4 1 4 4 
1 2
2 5
2 4
2 3
4 8
4 7
4 6

Graph 982_sub
8 7
1 2 1 1 4 1 1 1 
1 4
1 3
1 2
2 5
3 7
3 6
6 8

Graph 983_sub
8 7
4 1 1 5 4 6 4 4 
1 2
2 5
2 4
2 3
3 8
3 7
3 6

Graph 984_sub
8 7
1 1 4 1 4 5 2 4 
1 5
1 4
1 3
1 2
2 7
2 6
6 8

Graph 985_sub
8 8
5 5 2 1 1 1 1 2 
1 3
1 2
2 5
2 4
3 6
4 7
4 6
6 8

Graph 986_sub
8 7
1 4 1 4 6 5 1 5 
1 5
1 4
1 3
1 2
3 7
3 6
6 8

Graph 987_sub
8 7
4 1 1 4 1 4 4 5 
1 2
2 5
2 4
2 3
3 8
3 7
3 6

Graph 988_sub
8 7
4 1 2 4 4 1 1 1 
1 2
2 5
2 4
2 3
3 6
6 8
6 7

Graph 989_sub
8 7
2 1 2 1 1 4 1 4 
1 2
2 4
2 3
3 5
5 8
5 7
5 6

Graph 990_sub
8 7
4 1 4 4 2 1 1 1 
1 2
2 5
2 4
2 3
5 6
6 8
6 7

Graph 991_sub
8 7
5 1 1 1 1 5 1 1 
1 2
2 3
3 5
3 4
4 6
5 8
5 7

Graph 992_sub
8 7
8 1 1 1 2 2 1 1 
1 2
2 4
2 3
3 6
3 5
5 7
7 8

Graph 993_sub
8 7
1 1 1 11 1 8 4 1 
1 4
1 3
1 2
2 6
2 5
5 8
5 7

Graph 994_sub
8 7
1 4 1 1 4 1 1 4 
1 4
1 3
1 2
3 6
3 5
6 8
6 7

Graph 995_sub
8 7
2 1 5 1 1 1 4 1 
1 2
2 4
2 3
3 6
3 5
5 8
5 7

Graph 996_sub
8 7
4 1 1 5 4 5 4 4 
1 2
2 5
2 4
2 3
3 8
3 7
3 6

Graph 997_sub
8 7
1 1 4 1 1 4 4 1 
1 4
1 3
1 2
2 6
2 5
5 8
5 7

Graph 998_sub
8 7
1 1 1 1 1 4 1 1 
1 4
1 3
1 2
2 7
2 6
2 5
5 8

Graph 999_sub
8 7
2 4 1 1 2 4 1 1 
1 3
1 2
3 5
3 4
4 8
4 7
4 6

Graph 1000_sub
8 7
1 5 2 1 5 1 1 1 
1 4
1 3
1 2
2 5
5 6
6 8
6 7

