Graph 1_sub
12 11
4 1 4 1 4 4 1 4 2 1 3 2 
1 2
2 5
2 4
2 3
4 8
4 7
4 6
7 10
7 9
9 11
11 12

Graph 2_sub
12 12
4 1 1 1 4 1 4 1 4 1 4 1 
1 2
2 4
2 3
3 6
3 5
4 12
4 10
6 8
6 7
8 10
8 9
10 11

Graph 3_sub
12 11
1 5 1 1 1 1 1 1 1 4 1 4 
1 4
1 3
1 2
2 6
2 5
5 8
5 7
7 10
7 9
9 12
9 11

Graph 4_sub
12 11
1 1 6 1 1 1 1 4 1 4 1 1 
1 4
1 3
1 2
2 6
2 5
5 8
5 7
7 10
7 9
9 12
9 11

Graph 5_sub
12 11
4 1 6 4 1 2 2 2 4 6 4 4 
1 2
2 5
2 4
2 3
3 8
3 7
3 6
5 12
5 11
5 10
6 9

Graph 6_sub
12 11
4 1 4 1 2 4 4 4 7 2 2 5 
1 2
2 5
2 4
2 3
4 8
4 7
4 6
5 9
9 12
9 11
9 10

Graph 7_sub
12 11
2 1 2 1 4 1 1 1 2 1 4 4 
1 2
2 4
2 3
3 5
4 7
4 6
6 9
6 8
8 11
8 10
10 12

Graph 8_sub
12 12
4 1 2 1 1 1 1 4 4 1 1 1 
1 2
2 4
2 3
3 5
4 10
5 8
5 7
5 6
6 11
6 10
6 9
10 12

Graph 9_sub
12 11
1 1 1 4 1 5 6 1 6 1 1 1 
1 4
1 3
1 2
2 6
2 5
5 8
5 7
7 9
9 10
10 12
10 11

Graph 10_sub
12 12
1 4 1 1 4 1 1 4 4 1 6 6 
1 4
1 3
1 2
3 6
3 5
4 10
6 8
6 7
7 10
7 9
10 11
11 12

Graph 11_sub
12 11
4 1 4 1 4 1 1 1 4 4 1 4 
1 2
2 5
2 4
2 3
4 8
4 7
4 6
6 11
6 10
6 9
11 12

Graph 12_sub
12 11
1 6 1 1 6 1 1 1 1 4 1 4 
1 4
1 3
1 2
2 5
5 6
6 8
6 7
7 10
7 9
9 12
9 11

Graph 13_sub
12 11
1 6 1 1 6 1 1 1 1 1 2 2 
1 4
1 3
1 2
2 5
5 6
6 8
6 7
7 10
7 9
9 12
9 11

Graph 14_sub
12 11
4 1 4 1 1 1 4 4 5 2 1 4 
1 2
2 5
2 4
2 3
4 8
4 7
4 6
6 10
6 9
9 12
9 11

Graph 15_sub
12 11
4 1 1 1 4 1 1 6 1 1 4 1 
1 2
2 4
2 3
3 6
3 5
6 8
6 7
7 10
7 9
9 12
9 11

Graph 16_sub
12 11
7 2 5 1 2 1 4 4 1 4 4 4 
1 5
1 4
1 3
1 2
2 6
6 9
6 8
6 7
9 12
9 11
9 10

Graph 17_sub
12 11
4 1 1 1 4 1 4 1 7 1 5 5 
1 2
2 4
2 3
3 6
3 5
6 8
6 7
8 10
8 9
9 12
9 11

Graph 18_sub
12 11
1 4 1 1 4 1 4 1 1 5 4 4 
1 4
1 3
1 2
3 6
3 5
6 8
6 7
8 10
8 9
9 11
10 12

Graph 19_sub
12 12
4 1 1 1 1 4 4 1 1 4 4 2 
1 2
2 4
2 3
3 6
3 5
4 12
4 9
5 8
5 7
8 10
8 9
9 11

Graph 20_sub
12 11
4 1 4 4 1 4 1 5 4 4 4 1 
1 2
2 5
2 4
2 3
5 8
5 7
5 6
7 11
7 10
7 9
8 12

Graph 21_sub
12 12
1 1 1 4 4 1 4 1 4 1 6 1 
1 4
1 3
1 2
2 6
2 5
3 10
6 8
6 7
8 10
8 9
10 11
11 12

Graph 22_sub
12 11
4 1 4 6 1 2 2 2 4 1 4 4 
1 2
2 5
2 4
2 3
4 8
4 7
4 6
5 12
5 11
5 10
7 9

Graph 23_sub
12 11
1 1 1 5 1 1 1 4 4 1 4 4 
1 4
1 3
1 2
2 6
2 5
5 8
5 7
6 12
7 10
7 9
10 11

Graph 24_sub
12 11
5 4 7 1 5 5 6 1 4 1 4 4 
1 4
1 3
1 2
3 7
3 6
3 5
5 9
5 8
8 12
8 11
8 10

Graph 25_sub
12 11
4 1 4 1 1 4 1 4 4 1 4 1 
1 2
2 5
2 4
2 3
4 8
4 7
4 6
7 11
7 10
7 9
10 12

Graph 26_sub
12 12
4 1 1 1 1 4 4 1 4 1 1 1 
1 2
2 4
2 3
3 6
3 5
4 10
5 8
5 7
8 10
8 9
10 11
11 12

Graph 27_sub
12 11
4 1 1 4 1 4 1 4 4 4 1 4 
1 2
2 5
2 4
2 3
3 8
3 7
3 6
7 11
7 10
7 9
11 12

Graph 28_sub
12 11
4 1 5 1 1 1 1 1 5 1 1 1 
1 2
2 4
2 3
3 5
5 7
5 6
6 9
6 8
8 11
8 10
10 12

Graph 29_sub
12 12
1 1 4 1 1 4 1 1 4 1 4 2 
1 4
1 3
1 2
2 6
2 5
4 10
5 8
5 7
7 10
7 9
8 12
10 11

Graph 30_sub
12 12
1 1 1 4 4 1 1 4 1 4 5 6 
1 4
1 3
1 2
2 6
2 5
3 9
6 8
6 7
7 10
7 9
9 11
11 12

Graph 1696_sub
12 11
4 2 1 5 1 5 1 2 1 4 5 1 
1 2
2 3
3 5
3 4
4 6
6 7
7 9
7 8
8 10
9 11
11 12

Graph 32_sub
12 11
4 1 5 4 4 1 1 4 4 4 6 6 
1 2
2 5
2 4
2 3
3 7
3 6
6 10
6 9
6 8
7 12
7 11

Graph 33_sub
12 11
5 1 4 4 1 5 5 1 1 1 1 5 
1 4
1 3
1 2
2 6
2 5
5 8
5 7
7 9
9 11
9 10
10 12

Graph 34_sub
12 11
5 1 4 4 1 4 1 2 2 4 4 2 
1 4
1 3
1 2
2 7
2 6
2 5
5 9
5 8
7 12
7 11
9 10

Graph 35_sub
12 13
5 1 1 5 5 1 1 5 5 5 4 4 
1 3
1 2
2 5
2 4
3 7
4 6
5 12
6 8
6 7
7 9
8 11
8 10
9 10

Graph 36_sub
12 11
4 1 4 1 1 4 1 4 4 2 4 6 
1 2
2 5
2 4
2 3
4 8
4 7
4 6
7 11
7 10
7 9
10 12

Graph 37_sub
12 12
1 5 5 1 4 1 4 5 1 5 5 1 
1 4
1 3
1 2
2 6
2 5
3 9
4 8
6 8
6 7
9 11
9 10
10 12

Graph 38_sub
12 13
1 4 5 5 1 1 1 5 1 5 4 6 
1 4
1 3
1 2
3 5
4 6
5 7
5 6
6 8
7 12
7 10
8 9
9 11
9 10

Graph 39_sub
12 11
4 1 2 4 4 1 1 1 2 1 4 1 
1 2
2 5
2 4
2 3
3 6
6 8
6 7
7 10
7 9
10 12
10 11

Graph 40_sub
12 11
4 1 8 4 1 4 5 4 1 1 4 4 
1 2
2 5
2 4
2 3
5 8
5 7
5 6
7 10
7 9
9 12
9 11

Graph 24765_sub
12 11
4 1 4 4 1 1 1 1 4 1 5 4 
1 2
2 5
2 4
2 3
5 7
5 6
6 9
6 8
8 11
8 10
10 12

Graph 42_sub
12 11
4 1 4 1 4 4 4 1 1 4 4 4 
1 2
2 5
2 4
2 3
4 8
4 7
4 6
8 11
8 10
8 9
9 12

Graph 43_sub
12 11
4 1 1 4 1 4 4 4 4 4 1 4 
1 2
2 5
2 4
2 3
3 8
3 7
3 6
5 11
5 10
5 9
11 12

Graph 44_sub
12 11
4 1 4 1 4 2 4 1 10 2 2 1 
1 2
2 5
2 4
2 3
4 8
4 7
4 6
6 9
9 11
9 10
10 12

Graph 45_sub
12 12
1 1 4 5 4 1 1 4 1 4 5 5 
1 4
1 3
1 2
2 6
2 5
4 9
6 8
6 7
7 10
7 9
9 11
11 12

Graph 46_sub
12 12
4 1 1 1 4 5 5 1 5 1 4 1 
1 2
2 4
2 3
3 6
3 5
6 8
6 7
7 9
8 12
8 10
9 10
10 11

Graph 47_sub
12 11
4 1 1 1 1 4 8 1 6 1 6 1 
1 2
2 4
2 3
3 6
3 5
5 8
5 7
8 10
8 9
9 11
11 12

Graph 48_sub
12 11
1 4 4 4 5 1 1 1 1 1 4 4 
1 5
1 4
1 3
1 2
5 7
5 6
6 9
6 8
8 11
8 10
10 12

Graph 49_sub
12 12
1 1 1 4 11 1 1 4 4 1 6 6 
1 4
1 3
1 2
2 6
2 5
3 10
6 8
6 7
7 10
7 9
10 11
11 12

Graph 50_sub
12 11
4 1 1 4 4 1 1 1 4 1 4 1 
1 2
2 5
2 4
2 3
3 7
3 6
6 9
6 8
8 11
8 10
10 12

Graph 51_sub
12 11
4 1 2 4 4 1 1 1 1 4 4 1 
1 2
2 5
2 4
2 3
3 6
6 8
6 7
7 10
7 9
9 12
9 11

Graph 52_sub
12 12
4 1 1 1 4 4 1 4 4 4 1 1 
1 2
2 5
2 4
2 3
3 8
3 7
3 6
4 11
7 11
7 10
7 9
11 12

Graph 53_sub
12 11
11 1 4 1 11 2 1 1 11 1 4 4 
1 2
2 5
2 4
2 3
4 7
4 6
7 10
7 9
7 8
8 12
8 11

Graph 54_sub
12 11
4 1 4 4 1 2 4 4 1 6 6 1 
1 2
2 5
2 4
2 3
5 8
5 7
5 6
6 9
9 11
9 10
10 12

Graph 55_sub
12 11
4 1 4 1 1 1 1 1 4 4 2 1 
1 2
2 5
2 4
2 3
4 8
4 7
4 6
6 11
6 10
6 9
11 12

Graph 56_sub
12 12
4 1 4 1 1 1 4 2 2 4 4 4 
1 2
2 5
2 4
2 3
4 5
4 7
4 6
5 12
5 11
6 9
6 8
9 10

Graph 57_sub
12 11
4 1 1 1 4 1 2 4 2 1 4 4 
1 2
2 5
2 4
2 3
3 8
3 7
3 6
6 11
6 10
6 9
9 12

Graph 58_sub
12 11
1 1 8 1 1 5 1 1 2 2 4 4 
1 4
1 3
1 2
2 6
2 5
5 8
5 7
7 10
7 9
8 12
9 11

Graph 59_sub
12 11
4 1 1 2 4 4 4 1 1 4 4 1 
1 2
2 5
2 4
2 3
3 8
3 7
3 6
8 11
8 10
8 9
9 12

Graph 60_sub
12 11
6 1 2 2 2 1 1 1 4 1 5 1 
1 5
1 4
1 3
1 2
2 7
2 6
6 9
6 8
8 11
8 10
10 12

Graph 61_sub
12 11
5 1 4 4 2 1 1 1 4 1 1 2 
1 4
1 3
1 2
2 6
2 5
6 8
6 7
7 10
7 9
10 12
10 11

Graph 62_sub
12 11
4 1 4 1 6 4 4 6 1 1 4 1 
1 2
2 5
2 4
2 3
4 8
4 7
4 6
8 10
8 9
9 12
9 11

Graph 63_sub
12 11
4 5 4 1 1 1 1 4 1 8 1 6 
1 2
2 4
2 3
4 6
4 5
5 8
5 7
7 10
7 9
9 12
9 11

Graph 64_sub
12 11
4 1 4 1 4 1 1 1 4 4 1 4 
1 2
2 5
2 4
2 3
4 8
4 7
4 6
6 11
6 10
6 9
11 12

Graph 65_sub
12 11
4 1 1 4 4 4 4 1 1 1 1 2 
1 2
2 5
2 4
2 3
3 8
3 7
3 6
8 11
8 10
8 9
9 12

Graph 66_sub
12 11
4 1 1 4 4 1 1 4 4 1 1 2 
1 2
2 5
2 4
2 3
3 8
3 7
3 6
6 11
6 10
6 9
10 12

Graph 67_sub
12 11
4 1 1 4 4 4 4 2 1 1 2 2 
1 2
2 5
2 4
2 3
3 8
3 7
3 6
8 9
9 11
9 10
10 12

Graph 68_sub
12 11
4 1 2 4 1 1 1 2 4 4 5 6 
1 2
2 5
2 4
2 3
3 6
6 8
6 7
7 11
7 10
7 9
11 12

Graph 69_sub
12 11
4 1 1 4 4 4 4 5 1 1 1 2 
1 2
2 5
2 4
2 3
3 8
3 7
3 6
8 10
8 9
9 12
9 11

Graph 70_sub
12 12
1 1 1 1 4 1 4 1 1 4 1 4 
1 4
1 3
1 2
2 6
2 5
3 9
6 8
6 7
8 10
8 9
9 11
11 12

Graph 71_sub
12 11
4 1 1 2 4 4 4 2 1 4 1 4 
1 2
2 5
2 4
2 3
3 8
3 7
3 6
8 9
9 12
9 11
9 10

Graph 72_sub
12 12
1 1 5 4 4 5 4 4 12 4 5 5 
1 5
1 4
1 3
1 2
2 8
2 7
2 6
3 9
6 10
6 9
9 12
9 11

Graph 73_sub
12 11
4 1 4 1 4 4 2 1 1 6 6 6 
1 2
2 5
2 4
2 3
4 8
4 7
4 6
7 9
9 11
9 10
11 12

Graph 74_sub
12 11
4 1 2 4 2 1 1 1 4 4 2 4 
1 2
2 5
2 4
2 3
3 6
6 9
6 8
6 7
7 12
7 11
7 10

Graph 75_sub
12 11
4 1 2 2 4 1 1 4 1 4 4 2 
1 2
2 5
2 4
2 3
3 6
6 9
6 8
6 7
7 12
7 11
7 10

Graph 76_sub
12 11
2 1 1 2 4 4 4 1 1 4 1 4 
1 2
2 4
2 3
3 7
3 6
3 5
4 8
8 11
8 10
8 9
9 12

Graph 77_sub
12 11
4 1 4 4 1 5 4 4 1 1 2 5 
1 2
2 5
2 4
2 3
5 8
5 7
5 6
6 10
6 9
9 12
9 11

Graph 78_sub
12 11
4 1 4 1 4 2 2 1 4 1 1 4 
1 2
2 5
2 4
2 3
4 7
4 6
6 8
8 11
8 10
8 9
10 12

Graph 79_sub
12 13
1 4 1 5 1 1 5 5 1 4 5 4 
1 4
1 3
1 2
3 6
3 5
4 8
5 8
5 7
6 11
7 9
8 12
9 11
9 10

Graph 80_sub
12 11
2 4 3 2 2 2 2 2 4 1 2 1 
1 3
1 2
3 8
3 7
3 6
3 5
3 4
4 9
5 10
10 12
10 11

Graph 81_sub
12 11
2 5 1 1 1 2 1 4 4 1 4 1 
1 2
2 3
3 5
3 4
4 7
4 6
6 8
7 10
7 9
10 12
10 11

Graph 82_sub
12 12
1 4 1 1 4 1 1 5 1 4 4 4 
1 4
1 3
1 2
3 6
3 5
4 9
6 8
6 7
7 10
7 9
8 12
9 11

Graph 83_sub
12 11
4 2 1 1 1 1 4 1 2 1 1 4 
1 2
2 3
3 5
3 4
4 7
4 6
6 9
6 8
8 11
8 10
10 12

Graph 84_sub
12 11
5 1 1 1 4 4 5 1 1 1 5 4 
1 4
1 3
1 2
2 7
2 6
2 5
7 10
7 9
7 8
8 12
8 11

Graph 85_sub
12 11
4 1 1 4 4 2 1 2 4 4 4 4 
1 2
2 5
2 4
2 3
3 8
3 7
3 6
6 9
7 12
7 11
7 10

Graph 86_sub
12 11
4 1 2 1 1 4 2 4 4 1 2 4 
1 2
2 5
2 4
2 3
3 6
4 9
4 8
4 7
7 10
10 12
10 11

Graph 87_sub
12 11
6 6 1 1 6 5 1 1 4 4 4 4 
1 3
1 2
2 4
4 6
4 5
6 8
6 7
7 11
7 10
7 9
8 12

Graph 88_sub
12 11
4 1 1 1 5 1 2 2 1 4 1 4 
1 2
2 4
2 3
3 6
3 5
5 8
5 7
6 10
6 9
9 12
9 11

Graph 89_sub
12 11
1 4 1 4 4 4 4 1 1 1 1 4 
1 5
1 4
1 3
1 2
3 8
3 7
3 6
8 10
8 9
9 12
9 11

Graph 90_sub
12 12
4 5 1 5 5 1 4 5 5 4 4 4 
1 2
2 3
3 5
3 4
4 7
4 6
5 12
5 8
6 9
6 8
8 10
9 11

Graph 91_sub
12 11
6 2 2 1 2 4 4 4 1 4 2 4 
1 5
1 4
1 3
1 2
2 6
4 9
4 8
4 7
9 12
9 11
9 10

Graph 20875_sub
12 11
4 1 1 1 4 4 4 4 4 1 4 4 
1 2
2 5
2 4
2 3
3 8
3 7
3 6
4 11
4 10
4 9
10 12

Graph 93_sub
12 11
5 4 1 1 4 1 4 4 4 1 4 1 
1 4
1 3
1 2
3 7
3 6
3 5
6 10
6 9
6 8
10 12
10 11

Graph 94_sub
12 11
4 1 6 6 4 1 6 4 4 1 4 4 
1 2
2 5
2 4
2 3
3 6
6 9
6 8
6 7
7 10
10 12
10 11

Graph 95_sub
12 11
1 1 4 4 1 1 1 1 1 4 4 4 
1 5
1 4
1 3
1 2
2 8
2 7
2 6
6 11
6 10
6 9
9 12

Graph 96_sub
12 12
4 1 1 1 4 1 1 1 1 4 4 1 
1 2
2 4
2 3
3 6
3 5
4 9
6 8
6 7
7 10
7 9
8 12
9 11

Graph 32082_sub
12 11
1 23 1 23 23 1 5 5 2 2 1 4 
1 5
1 4
1 3
1 2
3 8
3 7
3 6
6 10
6 9
10 11
11 12

Graph 98_sub
12 11
4 1 1 1 4 4 1 4 1 4 4 1 
1 2
2 5
2 4
2 3
3 8
3 7
3 6
7 11
7 10
7 9
9 12

Graph 99_sub
12 11
14 2 2 2 1 4 4 1 1 1 4 4 
1 5
1 4
1 3
1 2
3 6
4 7
5 9
5 8
8 11
8 10
10 12

Graph 100_sub
12 12
1 1 1 4 4 1 1 6 1 1 4 2 
1 4
1 3
1 2
2 6
2 5
3 9
6 8
6 7
7 10
7 9
9 11
10 12

Graph 101_sub
12 11
2 1 1 4 4 1 4 4 4 2 1 4 
1 3
1 2
2 6
2 5
2 4
3 11
3 10
6 9
6 8
6 7
11 12

Graph 102_sub
12 11
6 1 2 2 2 1 4 4 1 1 4 4 
1 5
1 4
1 3
1 2
2 8
2 7
2 6
6 10
6 9
9 12
9 11

Graph 103_sub
12 11
1 1 4 1 5 1 2 5 1 1 1 1 
1 4
1 3
1 2
2 6
2 5
5 8
5 7
8 9
9 11
9 10
10 12

Graph 104_sub
12 11
5 4 4 1 2 2 1 1 1 4 4 2 
1 4
1 3
1 2
4 6
4 5
6 7
7 10
7 9
7 8
8 12
8 11

Graph 105_sub
12 12
4 1 1 1 1 1 1 4 4 1 4 1 
1 2
2 4
2 3
3 6
3 5
4 10
5 8
5 7
6 12
7 10
7 9
10 11

Graph 106_sub
12 11
4 1 4 1 1 4 4 1 1 4 4 4 
1 2
2 5
2 4
2 3
4 8
4 7
4 6
8 11
8 10
8 9
9 12

Graph 31156_sub
12 11
1 5 5 4 1 1 5 1 1 1 1 5 
1 4
1 3
1 2
2 6
2 5
5 8
5 7
7 9
9 12
9 11
9 10

Graph 108_sub
12 11
1 4 1 4 1 4 1 4 4 4 1 1 
1 5
1 4
1 3
1 2
3 8
3 7
3 6
7 11
7 10
7 9
11 12

Graph 109_sub
12 11
1 1 4 1 4 4 4 4 1 4 4 2 
1 5
1 4
1 3
1 2
2 8
2 7
2 6
4 11
4 10
4 9
9 12

Graph 110_sub
12 12
4 5 1 1 6 5 1 1 4 1 1 1 
1 2
2 4
2 3
3 6
3 5
4 7
5 7
7 9
7 8
8 11
8 10
10 12

Graph 111_sub
12 11
2 1 1 1 1 1 1 4 1 4 1 4 
1 2
2 4
2 3
3 6
3 5
5 8
5 7
7 10
7 9
9 12
9 11

Graph 112_sub
12 11
1 4 4 1 4 1 1 5 4 4 4 4 
1 5
1 4
1 3
1 2
4 8
4 7
4 6
6 11
6 10
6 9
7 12

Graph 113_sub
12 11
1 4 1 2 1 4 2 4 4 4 4 1 
1 5
1 4
1 3
1 2
3 8
3 7
3 6
4 10
5 12
5 11
7 9

Graph 114_sub
12 11
4 1 1 1 2 4 1 2 4 2 1 4 
1 2
2 5
2 4
2 3
3 8
3 7
3 6
7 11
7 10
7 9
10 12

Graph 115_sub
12 11
5 4 1 6 1 1 4 1 1 4 1 4 
1 4
1 3
1 2
3 6
3 5
5 8
5 7
8 10
8 9
9 12
9 11

Graph 116_sub
12 12
8 7 5 8 5 7 8 5 8 7 8 8 
1 2
2 5
2 4
2 3
3 6
5 10
6 9
6 8
6 7
8 10
10 12
10 11

Graph 117_sub
12 11
1 1 1 8 4 1 1 4 5 1 4 1 
1 4
1 3
1 2
2 6
2 5
6 8
6 7
7 10
7 9
9 12
9 11

Graph 118_sub
12 11
4 1 4 1 1 4 1 4 11 4 4 6 
1 2
2 5
2 4
2 3
4 8
4 7
4 6
5 12
7 11
7 10
7 9

Graph 119_sub
12 12
4 1 1 1 1 4 1 4 1 6 4 6 
1 2
2 4
2 3
3 6
3 5
4 9
5 8
5 7
7 10
7 9
9 11
10 12

Graph 120_sub
12 11
4 2 6 2 2 1 1 4 4 6 6 4 
1 2
2 3
3 6
3 5
3 4
6 9
6 8
6 7
7 12
7 11
7 10

Graph 121_sub
12 11
4 1 1 4 1 1 4 4 4 6 4 2 
1 2
2 5
2 4
2 3
3 8
3 7
3 6
6 11
6 10
6 9
10 12

Graph 122_sub
12 11
2 4 6 2 1 2 4 4 1 4 4 1 
1 3
1 2
3 6
3 5
3 4
5 9
5 8
5 7
9 12
9 11
9 10

Graph 123_sub
12 11
4 1 4 1 1 1 1 1 4 1 4 1 
1 2
2 5
2 4
2 3
4 7
4 6
6 9
6 8
8 11
8 10
10 12

Graph 124_sub
12 11
4 1 4 1 6 1 4 4 4 4 1 4 
1 2
2 5
2 4
2 3
4 8
4 7
4 6
6 11
6 10
6 9
11 12

Graph 125_sub
12 11
1 4 1 4 6 1 4 4 4 1 4 4 
1 5
1 4
1 3
1 2
3 8
3 7
3 6
6 11
6 10
6 9
10 12

Graph 126_sub
12 11
4 1 4 4 1 4 2 1 1 4 1 4 
1 2
2 5
2 4
2 3
5 8
5 7
5 6
7 9
9 12
9 11
9 10

Graph 127_sub
12 11
2 1 4 1 4 4 4 1 4 4 1 4 
1 3
1 2
2 6
2 5
2 4
4 9
4 8
4 7
8 12
8 11
8 10

Graph 128_sub
12 11
4 2 1 1 2 5 4 4 1 1 4 1 
1 2
2 3
3 5
3 4
4 8
4 7
4 6
6 10
6 9
9 12
9 11

Graph 129_sub
12 11
4 1 4 1 4 5 2 1 1 2 1 1 
1 2
2 5
2 4
2 3
4 7
4 6
6 9
6 8
8 11
8 10
11 12

Graph 130_sub
12 12
5 1 1 4 5 1 4 4 1 5 2 4 
1 4
1 3
1 2
2 7
2 6
2 5
5 9
5 8
6 10
9 11
9 10
10 12

Graph 131_sub
12 11
1 1 5 4 4 1 1 1 4 4 1 1 
1 5
1 4
1 3
1 2
2 7
2 6
6 9
6 8
8 11
8 10
11 12

Graph 132_sub
12 11
2 5 1 1 1 4 1 1 4 5 1 1 
1 2
2 3
3 5
3 4
4 7
4 6
7 9
7 8
8 11
8 10
10 12

Graph 133_sub
12 11
4 1 6 6 4 1 2 2 4 6 4 2 
1 2
2 5
2 4
2 3
3 8
3 7
3 6
6 11
6 10
6 9
10 12

Graph 134_sub
12 11
1 4 4 2 2 1 4 2 1 1 4 4 
1 5
1 4
1 3
1 2
4 6
6 9
6 8
6 7
8 10
10 12
10 11

Graph 135_sub
12 11
1 1 2 1 2 1 4 4 2 4 1 1 
1 4
1 3
1 2
2 7
2 6
2 5
5 8
6 11
6 10
6 9
9 12

Graph 136_sub
12 12
1 1 2 1 4 1 1 2 1 4 2 1 
1 4
1 3
1 2
2 6
2 5
4 9
6 8
6 7
7 10
7 9
9 11
11 12

Graph 16734_sub
12 11
4 1 4 4 1 1 1 4 1 4 1 5 
1 2
2 5
2 4
2 3
5 7
5 6
6 9
6 8
9 11
9 10
11 12

Graph 138_sub
12 12
2 15 1 2 2 2 2 2 1 2 1 1 
1 3
1 2
2 8
2 7
2 6
2 5
2 4
3 9
4 9
5 11
9 10
11 12

Graph 139_sub
12 11
5 1 1 16 1 1 4 4 4 5 4 1 
1 5
1 4
1 3
1 2
2 8
2 7
2 6
6 11
6 10
6 9
10 12

Graph 140_sub
12 11
4 1 1 1 4 4 1 4 1 4 4 1 
1 2
2 5
2 4
2 3
3 8
3 7
3 6
7 11
7 10
7 9
9 12

Graph 141_sub
12 11
1 4 4 1 4 1 1 1 4 4 1 4 
1 5
1 4
1 3
1 2
4 8
4 7
4 6
6 11
6 10
6 9
11 12

Graph 142_sub
12 11
1 1 1 1 1 1 1 4 1 4 4 4 
1 5
1 4
1 3
1 2
2 8
2 7
2 6
6 11
6 10
6 9
9 12

Graph 143_sub
12 12
2 1 1 1 1 1 1 1 1 1 1 1 
1 2
2 4
2 3
3 6
3 5
4 9
5 8
5 7
7 11
7 10
7 9
9 12

Graph 144_sub
12 11
4 1 1 1 4 1 1 1 1 1 1 4 
1 2
2 5
2 4
2 3
3 8
3 7
3 6
6 10
6 9
9 12
9 11

Graph 145_sub
12 12
4 1 1 1 1 4 1 4 4 1 1 1 
1 2
2 4
2 3
3 6
3 5
4 10
5 8
5 7
7 10
7 9
10 11
11 12

Graph 146_sub
12 11
4 1 1 1 1 1 1 2 1 4 4 4 
1 2
2 4
2 3
3 6
3 5
5 9
5 8
5 7
7 12
7 11
7 10

Graph 147_sub
12 11
4 1 1 4 1 4 1 4 1 1 1 4 
1 2
2 5
2 4
2 3
3 8
3 7
3 6
7 11
7 10
7 9
9 12

Graph 148_sub
12 11
4 1 4 1 1 4 1 4 1 1 1 2 
1 2
2 5
2 4
2 3
4 8
4 7
4 6
7 11
7 10
7 9
9 12

Graph 149_sub
12 11
4 1 4 1 4 1 1 4 1 1 1 4 
1 2
2 5
2 4
2 3
4 8
4 7
4 6
6 10
6 9
9 12
9 11

Graph 28165_sub
12 11
4 1 1 4 4 1 1 5 4 4 4 1 
1 2
2 5
2 4
2 3
3 8
3 7
3 6
6 11
6 10
6 9
7 12

Graph 151_sub
12 11
4 5 1 1 4 1 1 5 2 1 1 1 
1 2
2 4
2 3
3 7
3 6
3 5
6 9
6 8
8 11
8 10
10 12

Graph 152_sub
12 13
5 1 1 1 5 5 1 1 4 5 5 1 
1 3
1 2
2 5
2 4
3 10
4 7
4 6
5 8
6 8
7 11
7 10
8 9
11 12

Graph 21929_sub
12 11
4 1 4 1 1 1 4 4 1 4 4 4 
1 2
2 5
2 4
2 3
4 8
4 7
4 6
6 11
6 10
6 9
9 12

Graph 154_sub
12 11
4 1 1 4 4 1 4 4 1 5 1 1 
1 2
2 5
2 4
2 3
3 8
3 7
3 6
6 10
6 9
9 12
9 11

Graph 155_sub
12 11
4 1 4 4 1 4 4 1 1 5 1 1 
1 2
2 5
2 4
2 3
5 8
5 7
5 6
8 10
8 9
9 12
9 11

Graph 156_sub
12 11
2 1 1 5 8 8 4 4 1 1 4 1 
1 2
2 4
2 3
3 7
3 6
3 5
4 9
4 8
9 12
9 11
9 10

Graph 157_sub
12 11
4 5 1 1 1 5 1 4 4 4 1 1 
1 2
2 4
2 3
3 7
3 6
3 5
5 10
5 9
5 8
6 12
6 11

Graph 158_sub
12 11
6 2 2 1 2 4 1 4 4 5 4 4 
1 5
1 4
1 3
1 2
4 8
4 7
4 6
7 11
7 10
7 9
10 12

Graph 159_sub
12 11
4 1 4 1 5 4 8 4 1 1 1 1 
1 2
2 5
2 4
2 3
4 8
4 7
4 6
5 10
5 9
9 12
9 11

Graph 160_sub
12 11
5 1 1 1 1 1 4 1 1 4 1 1 
1 4
1 3
1 2
2 6
2 5
5 8
5 7
8 10
8 9
9 12
9 11

Graph 161_sub
12 11
4 1 1 4 5 4 4 4 1 1 1 1 
1 2
2 5
2 4
2 3
3 8
3 7
3 6
5 11
5 10
5 9
9 12

Graph 162_sub
12 12
1 1 1 1 1 1 1 4 1 2 2 1 
1 4
1 3
1 2
2 6
2 5
3 9
5 8
5 7
7 10
7 9
9 11
11 12

Graph 163_sub
12 12
2 4 1 1 1 1 4 1 4 1 14 4 
1 3
1 2
3 5
3 4
4 7
4 6
5 10
6 9
6 8
8 11
8 10
10 12

Graph 164_sub
12 13
2 1 4 5 5 1 2 1 5 5 1 2 
1 3
1 2
2 5
2 4
4 6
5 11
6 8
6 7
7 9
8 11
8 10
9 10
11 12

Graph 165_sub
12 12
4 1 6 4 1 1 5 5 4 4 4 4 
1 2
2 5
2 4
2 3
3 6
5 12
5 11
5 7
6 8
6 7
7 9
8 10

Graph 166_sub
12 12
2 1 4 1 1 1 4 4 1 1 5 4 
1 3
1 2
2 5
2 4
4 7
4 6
5 10
6 9
6 8
9 11
9 10
10 12

Graph 167_sub
12 11
2 1 5 1 5 4 4 4 1 4 1 2 
1 2
2 4
2 3
3 6
3 5
4 11
4 10
4 9
5 8
5 7
9 12

Graph 168_sub
12 11
1 1 1 1 4 4 1 2 2 4 5 2 
1 4
1 3
1 2
2 7
2 6
2 5
3 12
3 11
7 9
7 8
9 10

Graph 169_sub
12 11
4 5 4 1 2 1 2 5 5 4 1 4 
1 2
2 4
2 3
4 6
4 5
6 8
6 7
8 10
8 9
9 11
11 12

Graph 170_sub
12 11
1 1 1 1 2 1 3 5 5 2 1 1 
1 4
1 3
1 2
2 6
2 5
5 7
7 10
7 9
7 8
8 12
8 11

Graph 34776_sub
12 12
4 1 1 1 1 4 5 1 1 5 5 4 
1 2
2 4
2 3
3 6
3 5
5 8
5 7
7 9
8 10
9 11
9 10
10 12

Graph 172_sub
12 11
4 2 6 2 2 1 4 4 1 4 4 1 
1 2
2 3
3 6
3 5
3 4
6 9
6 8
6 7
9 12
9 11
9 10

Graph 173_sub
12 11
4 1 4 5 4 1 1 1 2 1 4 4 
1 2
2 5
2 4
2 3
4 7
4 6
6 9
6 8
8 11
8 10
10 12

Graph 174_sub
12 11
4 1 1 1 4 5 4 4 1 1 1 4 
1 2
2 5
2 4
2 3
3 8
3 7
3 6
6 10
6 9
9 12
9 11

Graph 175_sub
12 11
1 4 1 1 1 1 1 5 1 4 4 1 
1 4
1 3
1 2
3 6
3 5
5 8
5 7
7 10
7 9
9 12
9 11

Graph 176_sub
12 12
1 4 5 5 1 1 1 5 2 1 4 2 
1 5
1 4
1 3
1 2
3 7
3 6
5 8
6 9
6 8
8 10
10 12
10 11

Graph 177_sub
12 11
4 1 1 4 1 1 1 1 4 4 4 1 
1 2
2 5
2 4
2 3
3 8
3 7
3 6
6 11
6 10
6 9
7 12

Graph 178_sub
12 11
4 1 1 1 1 2 1 1 1 2 4 5 
1 2
2 4
2 3
3 6
3 5
5 8
5 7
7 10
7 9
9 12
9 11

Graph 179_sub
12 11
1 4 4 4 1 1 1 4 1 1 4 4 
1 5
1 4
1 3
1 2
5 7
5 6
6 9
6 8
9 11
9 10
10 12

Graph 180_sub
12 11
1 1 4 1 4 1 4 1 1 1 4 1 
1 5
1 4
1 3
1 2
2 8
2 7
2 6
6 10
6 9
9 12
9 11

Graph 181_sub
12 11
1 4 4 2 4 1 1 1 2 1 1 4 
1 5
1 4
1 3
1 2
4 6
6 8
6 7
7 10
7 9
9 11
11 12

Graph 182_sub
12 12
1 4 1 1 4 1 1 5 4 1 4 1 
1 4
1 3
1 2
3 6
3 5
4 10
6 8
6 7
7 10
7 9
8 12
10 11

Graph 183_sub
12 11
4 1 4 4 1 4 4 1 4 5 4 1 
1 2
2 5
2 4
2 3
5 8
5 7
5 6
8 11
8 10
8 9
10 12

Graph 184_sub
12 11
4 1 1 1 4 1 4 4 4 4 4 5 
1 2
2 5
2 4
2 3
3 8
3 7
3 6
4 12
6 11
6 10
6 9

Graph 185_sub
12 12
1 1 1 5 1 4 4 1 8 1 4 4 
1 4
1 3
1 2
2 6
2 5
3 12
3 10
5 8
5 7
8 10
8 9
10 11

Graph 186_sub
12 11
4 1 1 1 4 4 1 4 4 4 4 1 
1 2
2 5
2 4
2 3
3 8
3 7
3 6
4 12
7 11
7 10
7 9

Graph 187_sub
12 12
4 2 1 5 1 1 2 5 4 1 6 5 
1 2
2 3
3 5
3 4
4 6
5 10
6 8
6 7
7 9
8 10
10 11
11 12

Graph 188_sub
12 12
4 1 1 1 5 2 1 5 2 4 4 6 
1 2
2 4
2 3
3 6
3 5
4 12
4 8
5 7
6 11
7 9
7 8
9 10

Graph 189_sub
12 11
2 6 1 2 1 4 1 4 4 4 4 1 
1 2
2 5
2 4
2 3
3 8
3 7
3 6
5 12
7 11
7 10
7 9

Graph 190_sub
12 11
1 5 5 2 1 6 1 2 1 2 4 1 
1 4
1 3
1 2
2 5
5 7
5 6
6 10
6 9
6 8
9 12
9 11

Graph 191_sub
12 12
4 1 4 1 4 2 1 1 1 1 1 1 
1 2
2 5
2 4
2 3
4 7
4 6
6 8
7 9
8 10
8 9
9 11
11 12

Graph 192_sub
12 11
4 1 1 1 1 4 5 1 4 1 1 4 
1 2
2 4
2 3
3 6
3 5
5 8
5 7
7 10
7 9
10 12
10 11

Graph 193_sub
12 11
1 1 1 1 4 1 4 1 5 1 4 1 
1 4
1 3
1 2
2 6
2 5
6 8
6 7
8 10
8 9
9 12
9 11

Graph 194_sub
12 12
1 4 6 6 1 1 5 4 1 1 4 1 
1 5
1 4
1 3
1 2
3 6
4 10
6 9
6 8
6 7
7 11
7 10
10 12

Graph 195_sub
12 11
1 2 5 1 4 1 5 5 4 4 1 5 
1 4
1 3
1 2
3 6
3 5
6 8
6 7
7 9
8 11
8 10
11 12

Graph 196_sub
12 11
2 1 5 1 5 4 4 1 1 2 1 4 
1 2
2 4
2 3
3 6
3 5
5 8
5 7
8 10
8 9
9 12
9 11

Graph 197_sub
12 11
2 1 1 5 1 4 1 4 1 1 4 4 
1 2
2 4
2 3
3 7
3 6
3 5
5 10
5 9
5 8
9 12
9 11

Graph 198_sub
12 11
4 1 1 1 4 4 1 4 5 2 5 4 
1 2
2 5
2 4
2 3
3 8
3 7
3 6
7 10
7 9
9 12
9 11

Graph 199_sub
12 11
4 1 1 1 5 1 4 4 6 1 2 2 
1 2
2 4
2 3
3 6
3 5
5 8
5 7
6 10
6 9
9 12
9 11

Graph 200_sub
12 11
4 1 1 4 6 5 1 4 2 2 4 1 
1 2
2 5
2 4
2 3
3 8
3 7
3 6
6 10
6 9
7 12
7 11

Graph 201_sub
12 11
1 1 5 2 1 1 4 1 1 4 4 5 
1 4
1 3
1 2
2 6
2 5
5 8
5 7
8 10
8 9
9 12
9 11

Graph 202_sub
12 12
4 1 1 1 1 4 1 4 4 1 8 5 
1 2
2 4
2 3
3 6
3 5
4 12
4 10
5 8
5 7
7 10
7 9
10 11

Graph 203_sub
12 12
4 1 1 1 4 1 4 5 1 1 1 2 
1 2
2 4
2 3
3 6
3 5
4 9
6 8
6 7
8 9
9 10
10 12
10 11

Graph 204_sub
12 11
1 1 1 4 1 1 1 4 1 1 8 4 
1 5
1 4
1 3
1 2
2 7
2 6
6 9
6 8
9 11
9 10
10 12

Graph 205_sub
12 11
4 1 1 4 1 4 4 1 1 4 4 4 
1 2
2 5
2 4
2 3
3 8
3 7
3 6
8 11
8 10
8 9
9 12

Graph 206_sub
12 12
1 1 5 1 4 1 1 4 1 4 4 1 
1 4
1 3
1 2
2 6
2 5
3 12
4 9
6 8
6 7
7 10
7 9
9 11

Graph 207_sub
12 12
1 1 1 4 4 1 4 5 1 1 2 1 
1 4
1 3
1 2
2 6
2 5
3 9
6 8
6 7
8 9
9 10
10 12
10 11

Graph 208_sub
12 11
6 1 6 4 1 1 5 1 5 1 4 1 
1 3
1 2
2 5
2 4
5 7
5 6
6 8
8 10
8 9
9 12
9 11

Graph 209_sub
12 12
1 1 1 2 1 4 1 4 4 4 5 2 
1 4
1 3
1 2
2 6
2 5
3 11
3 10
4 7
5 8
5 7
7 9
11 12

Graph 210_sub
12 12
1 1 1 4 1 5 1 1 4 1 4 2 
1 4
1 3
1 2
2 6
2 5
3 10
5 8
5 7
7 10
7 9
8 12
10 11

Graph 211_sub
12 12
1 1 1 1 1 4 4 1 1 4 4 4 
1 4
1 3
1 2
2 6
2 5
3 12
3 9
5 8
5 7
8 10
8 9
9 11

Graph 212_sub
12 11
4 1 1 4 4 4 4 5 1 1 1 4 
1 2
2 5
2 4
2 3
3 8
3 7
3 6
8 10
8 9
9 12
9 11

Graph 213_sub
12 11
1 5 4 4 1 1 1 6 6 4 1 4 
1 5
1 4
1 3
1 2
2 7
2 6
6 9
6 8
7 12
7 11
9 10

Graph 214_sub
12 11
2 1 1 5 4 1 4 1 5 4 4 4 
1 2
2 4
2 3
3 7
3 6
3 5
6 9
6 8
8 12
8 11
8 10

Graph 215_sub
12 12
1 4 1 1 1 1 2 1 1 1 2 4 
1 4
1 3
1 2
3 6
3 5
5 8
5 7
6 10
7 9
9 11
9 10
10 12

Graph 216_sub
12 11
5 1 1 1 1 1 4 1 1 4 1 1 
1 4
1 3
1 2
2 6
2 5
5 8
5 7
8 10
8 9
9 12
9 11

Graph 217_sub
12 11
5 1 1 1 1 1 1 4 1 4 1 1 
1 4
1 3
1 2
2 6
2 5
5 8
5 7
7 10
7 9
9 12
9 11

Graph 218_sub
12 11
1 1 1 1 4 1 1 4 5 1 1 1 
1 4
1 3
1 2
2 6
2 5
6 8
6 7
7 10
7 9
9 12
9 11

Graph 219_sub
12 12
5 1 1 1 4 4 1 1 4 1 4 1 
1 3
1 2
2 5
2 4
3 8
4 7
4 6
7 9
7 8
8 10
10 12
10 11

Graph 220_sub
12 11
1 1 1 4 1 4 1 5 4 4 4 1 
1 4
1 3
1 2
2 6
2 5
5 8
5 7
7 11
7 10
7 9
8 12

Graph 221_sub
12 12
1 1 1 4 1 4 1 1 1 1 4 5 
1 4
1 3
1 2
2 6
2 5
3 9
5 8
5 7
7 10
7 9
9 11
10 12

Graph 222_sub
12 12
1 1 1 4 1 4 1 1 4 1 4 4 
1 4
1 3
1 2
2 6
2 5
3 10
5 8
5 7
7 10
7 9
8 12
10 11

Graph 223_sub
12 12
1 1 4 1 4 1 4 1 1 6 4 2 
1 4
1 3
1 2
2 6
2 5
4 9
6 8
6 7
8 10
8 9
9 11
10 12

Graph 224_sub
12 11
2 1 2 1 4 1 4 1 4 1 1 4 
1 2
2 4
2 3
3 5
4 7
4 6
6 9
6 8
8 11
8 10
10 12

Graph 225_sub
12 12
5 1 1 1 1 1 1 5 2 4 1 4 
1 3
1 2
2 5
2 4
3 8
4 7
4 6
6 9
6 8
7 12
7 11
9 10

Graph 226_sub
7 6
4 2 6 2 2 2 4 
1 2
2 3
3 6
3 5
3 4
5 7

Graph 227_sub
12 11
1 1 4 1 1 1 5 1 1 1 1 5 
1 4
1 3
1 2
2 6
2 5
5 8
5 7
7 9
9 12
9 11
9 10

Graph 228_sub
12 12
4 5 1 4 5 5 1 5 6 1 5 4 
1 2
2 4
2 3
3 6
3 5
5 7
6 10
7 9
7 8
8 10
10 11
11 12

Graph 229_sub
12 11
5 4 4 1 5 5 1 1 5 1 1 4 
1 4
1 3
1 2
4 6
4 5
5 7
7 9
7 8
8 11
8 10
10 12

Graph 230_sub
12 11
4 1 4 5 1 1 1 4 5 4 1 1 
1 2
2 5
2 4
2 3
4 7
4 6
6 10
6 9
6 8
9 12
9 11

Graph 231_sub
12 11
5 4 1 4 5 5 4 1 4 5 5 4 
1 4
1 3
1 2
3 6
3 5
5 7
6 9
6 8
8 11
8 10
10 12

Graph 232_sub
12 11
4 1 1 1 1 4 1 8 5 1 2 2 
1 2
2 4
2 3
3 6
3 5
5 8
5 7
7 10
7 9
9 12
9 11

Graph 233_sub
12 11
1 1 5 5 1 1 1 1 4 1 4 1 
1 5
1 4
1 3
1 2
2 7
2 6
6 9
6 8
8 11
8 10
10 12

Graph 234_sub
12 11
5 1 1 5 5 1 6 5 1 4 1 4 
1 3
1 2
2 5
2 4
4 6
6 8
6 7
7 9
9 12
9 11
9 10

Graph 235_sub
12 11
1 1 5 2 1 1 4 1 4 1 4 1 
1 4
1 3
1 2
2 6
2 5
5 8
5 7
8 10
8 9
10 12
10 11

Graph 236_sub
12 12
8 1 1 1 1 4 1 8 1 4 4 1 
1 2
2 4
2 3
3 6
3 5
4 12
4 9
5 8
5 7
7 10
7 9
9 11

Graph 237_sub
12 11
1 1 4 4 1 4 1 4 1 4 4 2 
1 5
1 4
1 3
1 2
2 8
2 7
2 6
7 11
7 10
7 9
9 12

Graph 238_sub
12 11
2 5 1 2 1 1 1 1 2 1 1 1 
1 2
2 4
2 3
3 6
3 5
5 8
5 7
7 10
7 9
9 11
11 12

Graph 239_sub
12 11
4 1 4 1 4 1 1 1 1 4 1 2 
1 2
2 5
2 4
2 3
4 8
4 7
4 6
6 11
6 10
6 9
9 12

Graph 240_sub
12 11
1 2 1 2 4 1 4 4 18 4 4 2 
1 4
1 3
1 2
2 5
3 8
3 7
3 6
6 11
6 10
6 9
9 12

Graph 241_sub
12 12
1 1 5 1 1 4 1 4 1 6 4 6 
1 4
1 3
1 2
2 6
2 5
4 9
5 8
5 7
7 10
7 9
9 11
10 12

Graph 242_sub
12 11
2 1 1 4 4 4 1 1 4 1 4 1 
1 3
1 2
2 6
2 5
2 4
3 8
3 7
7 10
7 9
10 12
10 11

Graph 27923_sub
12 11
4 1 1 5 4 1 1 1 4 4 4 1 
1 2
2 4
2 3
3 6
3 5
6 8
6 7
7 11
7 10
7 9
8 12

Graph 244_sub
12 11
4 2 6 2 2 1 1 2 1 4 1 4 
1 2
2 3
3 6
3 5
3 4
6 8
6 7
7 10
7 9
9 12
9 11

Graph 25140_sub
12 11
2 1 4 1 1 4 4 2 4 4 1 1 
1 3
1 2
2 6
2 5
2 4
4 9
4 8
4 7
5 12
5 11
8 10

Graph 246_sub
12 11
4 1 6 1 1 4 6 4 4 4 4 4 
1 2
2 5
2 4
2 3
3 6
4 9
4 8
4 7
5 12
5 11
7 10

Graph 247_sub
12 11
1 2 2 1 4 1 2 2 2 2 1 4 
1 4
1 3
1 2
2 5
4 8
4 7
4 6
6 11
6 10
6 9
9 12

Graph 248_sub
12 11
2 19 2 2 2 2 1 1 1 4 4 1 
1 2
2 6
2 5
2 4
2 3
3 7
7 9
7 8
8 12
8 11
8 10

Graph 249_sub
12 11
1 1 2 1 20 2 2 2 2 2 2 2 
1 2
2 4
2 3
3 5
5 12
5 11
5 10
5 9
5 8
5 7
5 6

Graph 250_sub
12 11
1 2 1 1 1 1 2 4 4 4 1 4 
1 4
1 3
1 2
2 5
3 12
3 11
5 7
5 6
6 10
6 9
6 8

Graph 4826_sub
12 11
1 4 1 4 4 1 4 4 4 4 1 5 
1 5
1 4
1 3
1 2
3 8
3 7
3 6
6 11
6 10
6 9
11 12

Graph 252_sub
12 11
4 1 4 5 4 1 1 4 4 6 1 5 
1 2
2 5
2 4
2 3
4 7
4 6
6 10
6 9
6 8
10 11
11 12

Graph 253_sub
12 11
4 1 4 4 1 4 4 1 4 1 1 4 
1 2
2 5
2 4
2 3
5 8
5 7
5 6
8 11
8 10
8 9
10 12

Graph 254_sub
12 11
4 1 1 4 6 5 2 1 1 1 1 1 
1 2
2 5
2 4
2 3
3 7
3 6
6 9
6 8
8 11
8 10
10 12

Graph 255_sub
12 11
4 2 6 1 2 2 1 1 1 4 4 1 
1 2
2 3
3 6
3 5
3 4
4 8
4 7
7 10
7 9
9 12
9 11

Graph 256_sub
12 11
4 1 1 1 4 1 7 1 1 1 1 1 
1 2
2 4
2 3
3 6
3 5
6 8
6 7
7 11
7 10
7 9
9 12

Graph 257_sub
12 11
6 1 1 5 6 1 1 4 4 4 4 4 
1 3
1 2
2 5
2 4
4 7
4 6
6 10
6 9
6 8
7 12
7 11

Graph 258_sub
12 11
2 5 1 1 1 1 4 1 4 5 1 2 
1 2
2 3
3 5
3 4
4 7
4 6
6 9
6 8
8 11
8 10
10 12

Graph 259_sub
12 12
4 1 1 1 1 1 2 2 1 2 1 1 
1 2
2 4
2 3
3 6
3 5
5 8
5 7
6 11
6 9
7 9
9 10
11 12

Graph 260_sub
12 11
6 1 6 5 6 6 6 1 6 5 1 1 
1 2
2 4
2 3
3 5
5 6
6 7
7 8
8 10
8 9
10 12
10 11

Graph 261_sub
12 11
4 1 4 4 1 6 4 1 2 2 2 4 
1 2
2 5
2 4
2 3
5 8
5 7
5 6
6 11
6 10
6 9
11 12

Graph 262_sub
12 11
4 1 1 4 4 4 4 5 1 1 1 4 
1 2
2 5
2 4
2 3
3 8
3 7
3 6
8 10
8 9
9 12
9 11

Graph 263_sub
12 11
4 1 1 1 4 1 1 4 1 4 6 2 
1 2
2 4
2 3
3 6
3 5
6 8
6 7
7 10
7 9
9 11
11 12

Graph 264_sub
12 11
1 2 1 1 4 1 1 1 2 1 1 2 
1 4
1 3
1 2
2 5
3 7
3 6
6 9
6 8
8 11
8 10
10 12

Graph 265_sub
12 12
5 1 1 1 5 1 1 4 5 1 8 5 
1 4
1 3
1 2
2 6
2 5
5 7
6 12
6 10
7 9
7 8
9 10
10 11

Graph 266_sub
12 11
6 1 4 1 1 4 5 1 2 5 4 2 
1 3
1 2
2 5
2 4
4 7
4 6
5 12
7 8
8 10
8 9
9 11

Graph 267_sub
12 12
1 1 5 5 1 1 5 5 5 1 4 4 
1 4
1 3
1 2
2 6
2 5
5 8
5 7
6 9
7 10
7 9
10 12
10 11

Graph 268_sub
12 12
1 1 5 5 5 1 4 5 1 1 4 4 
1 4
1 3
1 2
2 6
2 5
5 8
5 7
6 9
8 9
9 10
10 12
10 11

Graph 269_sub
12 11
4 1 4 1 4 1 1 1 4 1 2 1 
1 2
2 5
2 4
2 3
4 7
4 6
6 9
6 8
8 11
8 10
10 12

Graph 270_sub
12 11
4 1 4 4 1 1 1 4 4 4 1 1 
1 2
2 5
2 4
2 3
5 7
5 6
6 10
6 9
6 8
7 12
7 11

Graph 271_sub
7 6
2 4 6 2 2 2 4 
1 3
1 2
3 6
3 5
3 4
4 7

Graph 272_sub
12 11
2 6 2 2 1 4 1 1 1 1 4 1 
1 2
2 5
2 4
2 3
3 6
5 8
5 7
7 10
7 9
9 12
9 11

Graph 273_sub
12 11
1 2 1 1 4 1 1 1 1 1 4 4 
1 4
1 3
1 2
2 5
3 7
3 6
6 9
6 8
8 11
8 10
10 12

Graph 274_sub
12 12
1 1 1 4 4 1 4 1 1 4 5 1 
1 4
1 3
1 2
2 6
2 5
3 9
6 8
6 7
8 10
8 9
9 11
11 12

Graph 275_sub
12 11
1 1 4 1 1 4 5 1 1 1 4 4 
1 4
1 3
1 2
2 6
2 5
5 8
5 7
7 10
7 9
9 12
9 11

Graph 276_sub
12 11
1 1 6 5 1 1 4 1 1 4 1 5 
1 4
1 3
1 2
2 6
2 5
5 8
5 7
8 10
8 9
9 12
9 11

Graph 277_sub
12 12
1 1 4 1 1 4 4 1 1 4 4 5 
1 4
1 3
1 2
2 6
2 5
4 12
4 9
5 8
5 7
8 10
8 9
9 11

Graph 278_sub
12 11
4 1 1 1 2 1 4 4 1 2 1 4 
1 2
2 4
2 3
3 6
3 5
5 7
6 9
6 8
9 11
9 10
10 12

Graph 279_sub
12 12
1 1 1 4 4 1 1 4 1 4 1 1 
1 4
1 3
1 2
2 6
2 5
3 9
6 8
6 7
7 10
7 9
9 11
11 12

Graph 280_sub
12 11
2 6 1 2 2 1 1 1 1 4 1 4 
1 2
2 5
2 4
2 3
3 7
3 6
6 9
6 8
8 11
8 10
11 12

Graph 281_sub
12 11
4 1 1 2 4 4 1 1 1 4 5 4 
1 2
2 5
2 4
2 3
3 7
3 6
7 9
7 8
8 12
8 11
8 10

Graph 282_sub
12 11
1 5 1 1 2 2 1 4 4 1 1 14 
1 4
1 3
1 2
2 6
2 5
3 8
3 7
7 10
7 9
10 12
10 11

Graph 283_sub
12 11
1 1 4 1 1 1 1 4 1 4 4 4 
1 4
1 3
1 2
2 6
2 5
5 9
5 8
5 7
7 12
7 11
7 10

Graph 284_sub
12 11
1 4 1 4 1 1 4 4 4 1 4 4 
1 5
1 4
1 3
1 2
3 8
3 7
3 6
6 11
6 10
6 9
10 12

Graph 285_sub
12 11
1 1 2 1 4 1 4 1 1 1 1 1 
1 4
1 3
1 2
2 6
2 5
6 8
6 7
8 10
8 9
9 12
9 11

Graph 286_sub
12 12
1 4 1 4 1 1 1 2 1 1 1 1 
1 5
1 4
1 3
1 2
3 7
3 6
5 10
6 9
6 8
8 10
10 12
10 11

Graph 287_sub
12 11
4 1 1 1 1 4 4 1 7 1 1 1 
1 2
2 4
2 3
3 6
3 5
5 8
5 7
8 10
8 9
9 12
9 11

Graph 288_sub
12 11
4 1 2 4 1 10 2 2 1 4 4 1 
1 2
2 5
2 4
2 3
3 6
6 8
6 7
7 9
9 12
9 11
9 10

Graph 289_sub
12 11
4 1 1 4 2 4 4 4 18 2 1 2 
1 2
2 5
2 4
2 3
3 8
3 7
3 6
5 9
9 12
9 11
9 10

Graph 290_sub
12 11
4 1 1 4 4 1 4 4 4 1 4 4 
1 2
2 5
2 4
2 3
3 8
3 7
3 6
6 11
6 10
6 9
10 12

Graph 291_sub
12 11
1 1 1 1 1 1 1 2 1 1 4 1 
1 4
1 3
1 2
2 6
2 5
5 8
5 7
7 10
7 9
9 12
9 11

Graph 292_sub
12 11
1 4 4 4 1 4 21 4 1 1 8 1 
1 5
1 4
1 3
1 2
5 8
5 7
5 6
7 11
7 10
7 9
9 12

Graph 293_sub
12 12
1 1 1 2 1 1 2 1 4 1 4 2 
1 4
1 3
1 2
2 6
2 5
3 10
5 8
5 7
7 9
8 11
8 10
10 12

Graph 294_sub
12 12
1 1 4 1 1 4 4 1 1 4 1 2 
1 4
1 3
1 2
2 6
2 5
4 9
5 8
5 7
8 10
8 9
9 11
11 12

Graph 295_sub
12 11
4 1 1 1 4 1 1 1 2 2 4 1 
1 2
2 4
2 3
3 6
3 5
6 8
6 7
7 10
7 9
8 12
9 11

Graph 296_sub
12 11
1 2 4 4 4 1 1 1 2 1 1 4 
1 5
1 4
1 3
1 2
2 6
6 8
6 7
7 10
7 9
9 11
11 12

Graph 297_sub
12 11
1 4 1 1 6 1 2 2 2 4 1 4 
1 4
1 3
1 2
3 6
3 5
5 9
5 8
5 7
6 12
6 11
8 10

Graph 298_sub
12 11
4 1 4 4 1 4 4 1 4 1 4 4 
1 2
2 5
2 4
2 3
5 8
5 7
5 6
8 11
8 10
8 9
10 12

Graph 299_sub
12 11
4 1 1 1 1 5 1 1 1 4 2 1 
1 2
2 4
2 3
3 6
3 5
5 8
5 7
7 10
7 9
9 12
9 11

Graph 300_sub
12 11
4 1 1 1 4 4 4 1 4 1 4 1 
1 2
2 5
2 4
2 3
3 8
3 7
3 6
8 11
8 10
8 9
10 12

Graph 301_sub
12 11
2 1 1 2 4 1 1 4 1 1 4 4 
1 3
1 2
2 6
2 5
2 4
4 7
7 10
7 9
7 8
9 12
9 11

Graph 302_sub
12 11
2 4 1 1 1 1 4 2 1 4 1 4 
1 3
1 2
3 5
3 4
4 7
4 6
6 9
6 8
8 10
9 12
9 11

Graph 303_sub
12 11
1 1 1 4 4 4 4 1 4 4 1 4 
1 5
1 4
1 3
1 2
2 8
2 7
2 6
8 11
8 10
8 9
11 12

Graph 304_sub
12 11
4 2 1 2 1 1 4 4 4 1 1 1 
1 2
2 3
3 5
3 4
5 8
5 7
5 6
6 11
6 10
6 9
10 12

Graph 305_sub
12 11
1 5 1 4 4 1 1 1 4 4 4 4 
1 5
1 4
1 3
1 2
2 8
2 7
2 6
6 11
6 10
6 9
7 12

Graph 306_sub
12 11
4 1 1 4 4 4 1 4 4 1 4 4 
1 2
2 5
2 4
2 3
3 8
3 7
3 6
7 11
7 10
7 9
10 12

Graph 307_sub
12 11
4 5 3 1 2 5 2 1 1 1 4 1 
1 2
2 4
2 3
3 7
3 6
3 5
5 8
8 10
8 9
9 12
9 11

Graph 308_sub
12 11
4 1 1 4 1 4 4 1 5 5 5 1 
1 2
2 5
2 4
2 3
3 8
3 7
3 6
8 10
8 9
9 12
9 11

Graph 309_sub
12 12
1 1 1 6 4 1 4 1 1 4 4 1 
1 4
1 3
1 2
2 6
2 5
3 12
3 9
6 8
6 7
8 10
8 9
9 11

Graph 310_sub
12 12
4 1 1 1 4 1 4 1 1 4 4 5 
1 2
2 4
2 3
3 6
3 5
4 12
4 9
6 8
6 7
8 10
8 9
9 11

Graph 311_sub
12 11
4 1 4 1 2 5 4 4 1 5 4 4 
1 2
2 5
2 4
2 3
4 8
4 7
4 6
6 10
6 9
9 12
9 11

Graph 312_sub
12 11
1 1 4 1 6 1 5 2 2 4 5 1 
1 4
1 3
1 2
2 6
2 5
5 9
5 8
5 7
7 11
7 10
11 12

Graph 313_sub
12 11
2 6 2 1 5 1 1 4 1 4 1 5 
1 2
2 5
2 4
2 3
4 7
4 6
6 9
6 8
9 11
9 10
11 12

Graph 314_sub
12 12
4 1 1 1 1 4 1 6 4 1 4 2 
1 2
2 4
2 3
3 6
3 5
4 10
5 8
5 7
7 10
7 9
8 12
10 11

Graph 315_sub
12 12
4 1 1 1 1 4 4 1 1 4 4 1 
1 2
2 4
2 3
3 6
3 5
4 12
4 9
5 8
5 7
8 10
8 9
9 11

Graph 316_sub
12 12
1 1 1 1 1 5 1 4 8 1 4 1 
1 4
1 3
1 2
2 6
2 5
3 10
5 8
5 7
6 12
7 10
7 9
10 11

Graph 317_sub
12 11
4 1 4 5 1 1 1 2 5 1 1 4 
1 2
2 5
2 4
2 3
4 7
4 6
6 9
6 8
9 11
9 10
10 12

Graph 318_sub
12 12
4 1 1 1 1 1 1 2 4 1 4 1 
1 2
2 4
2 3
3 6
3 5
4 10
5 8
5 7
7 10
7 9
8 12
10 11

Graph 319_sub
12 12
4 1 1 1 4 1 1 4 1 4 1 4 
1 2
2 4
2 3
3 6
3 5
4 9
6 8
6 7
7 10
7 9
9 11
11 12

Graph 320_sub
12 12
4 1 1 1 2 1 1 1 1 1 2 1 
1 2
2 4
2 3
3 6
3 5
5 7
6 8
7 9
7 8
8 10
10 12
10 11

Graph 321_sub
12 11
4 1 4 4 1 1 1 1 1 1 1 2 
1 2
2 5
2 4
2 3
5 8
5 7
5 6
6 10
6 9
9 12
9 11

Graph 322_sub
12 11
4 1 1 4 1 4 4 1 4 1 4 4 
1 2
2 5
2 4
2 3
3 8
3 7
3 6
8 11
8 10
8 9
10 12

Graph 323_sub
12 11
1 1 1 1 4 4 4 4 2 2 4 1 
1 5
1 4
1 3
1 2
2 8
2 7
2 6
3 10
3 9
4 12
10 11

Graph 324_sub
12 12
1 4 1 1 1 4 4 1 1 4 4 5 
1 4
1 3
1 2
3 6
3 5
4 12
4 9
5 8
5 7
8 10
8 9
9 11

Graph 325_sub
12 11
4 1 1 1 2 2 4 4 1 2 1 1 
1 2
2 5
2 4
2 3
3 8
3 7
3 6
6 9
9 12
9 11
9 10

Graph 326_sub
12 12
4 1 1 1 1 1 2 5 1 2 2 4 
1 2
2 4
2 3
3 6
3 5
5 8
5 7
6 9
8 10
8 9
9 11
10 12

Graph 327_sub
12 11
4 5 1 4 1 1 1 4 1 4 1 6 
1 2
2 4
2 3
3 6
3 5
5 8
5 7
7 10
7 9
9 12
9 11

Graph 328_sub
12 11
1 5 1 1 5 4 1 1 1 1 5 1 
1 4
1 3
1 2
2 5
5 7
5 6
7 9
7 8
8 11
8 10
10 12

Graph 329_sub
12 11
1 4 4 2 1 18 2 2 2 1 4 4 
1 5
1 4
1 3
1 2
4 6
6 9
6 8
6 7
7 10
10 12
10 11

Graph 330_sub
12 11
1 1 2 2 1 4 1 4 1 1 4 1 
1 4
1 3
1 2
2 7
2 6
2 5
5 10
5 9
5 8
9 12
9 11

Graph 331_sub
12 11
1 1 1 1 2 1 1 1 1 1 1 2 
1 4
1 3
1 2
2 6
2 5
6 8
6 7
7 10
7 9
9 12
9 11

Graph 332_sub
12 11
1 1 1 1 4 4 4 4 1 1 1 4 
1 4
1 3
1 2
2 7
2 6
2 5
3 9
3 8
9 11
9 10
10 12

Graph 333_sub
12 11
4 1 1 1 5 1 2 2 1 4 1 4 
1 2
2 4
2 3
3 6
3 5
5 8
5 7
6 10
6 9
9 12
9 11

Graph 334_sub
12 12
1 1 2 1 1 1 1 4 1 22 4 2 
1 4
1 3
1 2
2 6
2 5
4 9
5 8
5 7
6 12
7 10
7 9
9 11

Graph 335_sub
12 11
4 5 1 4 1 1 1 2 4 4 4 4 
1 2
2 4
2 3
3 7
3 6
3 5
5 10
5 9
5 8
6 12
8 11

Graph 336_sub
12 11
4 1 5 4 1 1 1 1 4 4 4 4 
1 2
2 5
2 4
2 3
3 7
3 6
6 10
6 9
6 8
8 12
8 11

Graph 337_sub
12 12
4 1 4 1 5 4 4 7 5 6 5 1 
1 2
2 5
2 4
2 3
4 7
4 6
4 5
5 8
8 11
8 10
8 9
9 12

Graph 338_sub
12 11
4 1 1 1 1 1 4 4 4 5 4 6 
1 2
2 5
2 4
2 3
3 8
3 7
3 6
6 11
6 10
6 9
10 12

Graph 339_sub
12 11
2 5 2 1 2 1 1 1 1 5 4 5 
1 2
2 4
2 3
4 6
4 5
5 7
7 9
7 8
8 11
8 10
10 12

Graph 340_sub
12 11
1 4 4 1 1 6 4 4 7 6 6 1 
1 5
1 4
1 3
1 2
4 8
4 7
4 6
6 9
9 11
9 10
10 12

Graph 341_sub
12 11
1 1 1 4 4 1 4 4 4 2 4 7 
1 5
1 4
1 3
1 2
2 8
2 7
2 6
6 11
6 10
6 9
10 12

Graph 342_sub
12 11
1 4 2 4 4 7 2 2 2 1 1 4 
1 5
1 4
1 3
1 2
3 6
6 9
6 8
6 7
7 10
10 12
10 11

Graph 343_sub
12 11
4 1 7 1 1 1 1 1 1 4 1 4 
1 2
2 4
2 3
3 7
3 6
3 5
5 9
5 8
8 11
8 10
11 12

Graph 344_sub
12 12
4 1 1 1 4 1 1 4 1 4 7 1 
1 2
2 4
2 3
3 6
3 5
4 9
6 8
6 7
7 10
7 9
9 11
11 12

Graph 345_sub
12 12
1 1 1 4 4 1 4 1 1 4 4 7 
1 4
1 3
1 2
2 6
2 5
3 12
3 9
6 8
6 7
8 10
8 9
9 11

Graph 346_sub
12 12
4 1 1 1 4 1 4 1 4 1 4 1 
1 2
2 4
2 3
3 6
3 5
4 12
4 10
6 8
6 7
8 10
8 9
10 11

Graph 8344_sub
12 11
4 1 4 6 1 6 1 1 4 4 1 1 
1 2
2 5
2 4
2 3
4 6
6 7
7 10
7 9
7 8
8 12
8 11

Graph 31416_sub
12 11
1 4 5 4 1 1 1 4 1 4 4 4 
1 5
1 4
1 3
1 2
3 7
3 6
6 10
6 9
6 8
9 12
9 11

Graph 349_sub
12 11
2 4 1 4 4 1 1 1 1 4 1 2 
1 3
1 2
3 6
3 5
3 4
6 9
6 8
6 7
7 12
7 11
7 10

Graph 350_sub
12 11
4 1 1 2 1 1 2 4 2 1 4 1 
1 2
2 5
2 4
2 3
3 8
3 7
3 6
6 10
6 9
10 12
10 11

Graph 351_sub
12 11
5 4 1 4 1 1 4 1 8 1 1 4 
1 4
1 3
1 2
3 6
3 5
5 8
5 7
8 10
8 9
10 12
10 11

Graph 352_sub
12 11
1 1 2 1 1 1 4 1 4 1 2 1 
1 4
1 3
1 2
2 6
2 5
5 8
5 7
8 10
8 9
10 12
10 11

Graph 353_sub
12 11
4 1 4 4 1 2 4 4 1 1 1 4 
1 2
2 5
2 4
2 3
5 8
5 7
5 6
6 9
9 11
9 10
10 12

Graph 354_sub
12 11
1 1 1 4 1 4 1 4 1 1 2 1 
1 4
1 3
1 2
2 6
2 5
5 8
5 7
7 10
7 9
9 12
9 11

Graph 355_sub
12 12
1 1 4 1 1 1 1 2 4 1 4 4 
1 4
1 3
1 2
2 6
2 5
4 10
5 8
5 7
7 10
7 9
8 12
10 11

Graph 356_sub
12 11
1 2 1 1 1 1 1 1 1 5 1 4 
1 4
1 3
1 2
3 6
3 5
5 8
5 7
7 10
7 9
9 12
9 11

Graph 357_sub
12 11
2 6 2 1 2 4 1 1 4 1 5 1 
1 2
2 5
2 4
2 3
3 6
4 8
4 7
7 10
7 9
10 12
10 11

Graph 358_sub
12 11
2 6 2 2 1 4 1 1 1 1 4 1 
1 2
2 5
2 4
2 3
4 6
5 8
5 7
7 10
7 9
9 12
9 11

Graph 359_sub
7 6
2 4 6 2 2 2 4 
1 3
1 2
3 6
3 5
3 4
4 7

Graph 360_sub
12 11
1 4 5 1 4 1 1 1 4 4 5 1 
1 5
1 4
1 3
1 2
3 8
3 7
3 6
6 11
6 10
6 9
11 12

Graph 361_sub
12 11
1 1 4 1 1 1 1 1 4 1 2 4 
1 4
1 3
1 2
2 6
2 5
5 8
5 7
7 10
7 9
10 11
11 12

Graph 362_sub
12 11
1 2 2 1 4 5 4 4 1 1 4 1 
1 4
1 3
1 2
2 5
4 8
4 7
4 6
6 10
6 9
9 12
9 11

Graph 363_sub
12 11
1 1 2 2 4 5 4 1 1 3 4 1 
1 4
1 3
1 2
2 7
2 6
2 5
6 10
6 9
6 8
8 12
8 11

Graph 364_sub
12 11
1 4 1 4 1 5 4 4 1 1 1 4 
1 5
1 4
1 3
1 2
3 8
3 7
3 6
6 10
6 9
9 12
9 11

Graph 365_sub
12 11
1 8 1 1 1 8 1 4 1 1 1 1 
1 4
1 3
1 2
3 6
3 5
5 8
5 7
7 10
7 9
9 12
9 11

Graph 366_sub
12 11
4 1 1 1 4 1 1 2 1 6 4 6 
1 2
2 4
2 3
3 6
3 5
6 8
6 7
7 10
7 9
9 11
10 12

Graph 367_sub
6 5
2 8 4 2 2 2 
1 3
1 2
2 6
2 5
2 4

Graph 368_sub
12 11
4 1 1 1 4 1 1 1 1 4 1 2 
1 2
2 5
2 4
2 3
3 8
3 7
3 6
6 11
6 10
6 9
9 12

Graph 369_sub
12 11
1 1 4 4 1 1 1 2 1 1 4 4 
1 5
1 4
1 3
1 2
2 8
2 7
2 6
6 11
6 10
6 9
9 12

Graph 370_sub
12 11
1 4 1 2 1 4 4 1 2 2 4 1 
1 5
1 4
1 3
1 2
3 8
3 7
3 6
8 11
8 10
8 9
9 12

Graph 371_sub
12 11
4 1 1 1 2 2 4 1 4 4 2 1 
1 2
2 5
2 4
2 3
3 8
3 7
3 6
6 9
8 12
8 11
8 10

Graph 372_sub
12 11
1 4 1 4 4 1 1 1 1 4 4 1 
1 5
1 4
1 3
1 2
3 8
3 7
3 6
6 11
6 10
6 9
9 12

Graph 373_sub
12 13
1 1 4 1 5 2 1 1 5 5 5 4 
1 4
1 3
1 2
2 6
2 5
4 9
5 8
5 7
7 10
7 9
8 12
8 11
10 11

Graph 374_sub
12 11
4 5 4 1 1 1 1 1 1 4 4 1 
1 2
2 4
2 3
4 6
4 5
5 8
5 7
7 10
7 9
9 12
9 11

Graph 375_sub
12 11
1 4 1 1 5 1 2 6 1 2 6 1 
1 5
1 4
1 3
1 2
3 8
3 7
3 6
6 11
6 10
6 9
9 12

Graph 376_sub
12 11
1 1 4 4 4 2 1 1 1 4 2 2 
1 5
1 4
1 3
1 2
2 7
2 6
7 10
7 9
7 8
8 12
8 11

Graph 377_sub
12 11
4 1 1 4 4 6 1 2 2 2 2 4 
1 2
2 5
2 4
2 3
3 8
3 7
3 6
6 11
6 10
6 9
10 12

Graph 378_sub
12 12
1 1 4 1 1 4 4 1 1 4 5 1 
1 4
1 3
1 2
2 6
2 5
4 9
5 8
5 7
8 10
8 9
9 11
11 12

Graph 379_sub
12 12
1 1 4 1 1 1 1 5 1 4 4 1 
1 4
1 3
1 2
2 6
2 5
4 9
5 8
5 7
7 10
7 9
8 12
9 11

Graph 380_sub
12 11
4 1 1 1 1 4 4 1 5 4 1 4 
1 2
2 4
2 3
3 6
3 5
5 8
5 7
8 10
8 9
9 11
11 12

Graph 381_sub
12 11
1 1 4 1 1 4 1 4 1 1 2 1 
1 4
1 3
1 2
2 6
2 5
5 8
5 7
7 10
7 9
9 12
9 11

Graph 382_sub
12 11
2 6 1 2 2 1 1 4 4 4 1 2 
1 2
2 5
2 4
2 3
3 8
3 7
3 6
6 11
6 10
6 9
11 12

Graph 383_sub
12 11
1 4 1 1 4 1 4 4 4 4 1 4 
1 5
1 4
1 3
1 2
3 8
3 7
3 6
6 11
6 10
6 9
11 12

Graph 384_sub
12 11
4 1 1 1 1 1 1 2 1 1 1 1 
1 2
2 4
2 3
3 6
3 5
5 8
5 7
7 10
7 9
9 12
9 11

Graph 385_sub
12 11
1 1 1 4 5 1 2 2 4 1 4 1 
1 4
1 3
1 2
2 6
2 5
5 8
5 7
6 10
6 9
10 12
10 11

Graph 386_sub
12 12
1 4 1 1 1 2 4 1 4 1 1 1 
1 4
1 3
1 2
3 6
3 5
4 10
5 8
5 7
8 10
8 9
10 11
11 12

Graph 387_sub
12 11
4 1 1 1 4 1 1 4 1 1 1 2 
1 2
2 4
2 3
3 6
3 5
6 8
6 7
7 10
7 9
9 12
9 11

Graph 388_sub
12 12
1 1 4 1 4 1 1 1 1 1 4 1 
1 4
1 3
1 2
2 6
2 5
4 9
6 8
6 7
7 10
7 9
9 11
10 12

Graph 389_sub
12 11
6 1 2 2 2 1 1 1 4 1 4 4 
1 5
1 4
1 3
1 2
2 7
2 6
6 9
6 8
8 11
8 10
10 12

Graph 390_sub
12 12
4 1 1 1 4 1 4 1 1 6 1 2 
1 2
2 4
2 3
3 6
3 5
4 9
6 8
6 7
8 10
8 9
9 11
11 12

Graph 391_sub
12 12
4 1 1 1 1 11 2 1 4 1 11 4 
1 2
2 4
2 3
3 6
3 5
4 10
5 8
5 7
7 9
8 11
8 10
10 12

Graph 392_sub
12 11
1 1 1 4 1 4 1 6 1 1 2 1 
1 4
1 3
1 2
2 6
2 5
5 8
5 7
7 10
7 9
9 12
9 11

Graph 393_sub
12 11
4 1 1 1 6 1 2 2 2 4 5 1 
1 2
2 4
2 3
3 6
3 5
5 9
5 8
5 7
6 12
6 11
9 10

Graph 394_sub
12 12
4 1 1 1 8 1 1 2 4 1 4 4 
1 2
2 4
2 3
3 6
3 5
4 10
6 8
6 7
7 10
7 9
8 12
10 11

Graph 395_sub
12 12
4 1 1 1 1 4 4 1 4 1 4 5 
1 2
2 4
2 3
3 6
3 5
4 12
4 10
5 8
5 7
8 10
8 9
10 11

Graph 396_sub
12 12
1 1 1 4 1 4 1 5 1 4 4 5 
1 4
1 3
1 2
2 6
2 5
3 9
5 8
5 7
7 10
7 9
8 12
9 11

Graph 397_sub
6 5
1 2 2 2 4 4 
1 4
1 3
1 2
3 5
4 6

Graph 398_sub
12 11
2 1 2 1 4 5 4 1 4 4 1 4 
1 2
2 4
2 3
3 5
4 8
4 7
4 6
6 10
6 9
8 12
8 11

Graph 399_sub
12 11
4 1 5 4 4 7 1 5 5 2 1 1 
1 2
2 5
2 4
2 3
3 7
3 6
6 10
6 9
6 8
8 12
8 11

Graph 400_sub
12 12
2 1 1 4 1 4 1 4 1 2 1 4 
1 3
1 2
2 6
2 5
2 4
3 9
5 8
5 7
7 10
7 9
9 11
11 12

Graph 401_sub
12 11
1 1 2 2 4 1 4 1 1 4 4 4 
1 4
1 3
1 2
2 6
2 5
6 8
6 7
8 11
8 10
8 9
9 12

Graph 402_sub
12 11
1 1 2 2 4 4 1 4 4 1 1 1 
1 4
1 3
1 2
2 7
2 6
2 5
7 10
7 9
7 8
10 12
10 11

Graph 41301_sub
12 11
4 1 1 1 4 1 4 1 1 1 4 2 
1 2
2 4
2 3
3 6
3 5
6 8
6 7
8 10
8 9
9 12
9 11

Graph 404_sub
12 11
4 5 4 1 5 5 4 1 1 5 4 6 
1 2
2 4
2 3
4 6
4 5
5 7
6 9
6 8
8 10
9 12
9 11

Graph 405_sub
12 11
5 1 1 1 5 5 4 1 4 5 5 4 
1 4
1 3
1 2
2 6
2 5
5 7
6 9
6 8
8 11
8 10
10 12

Graph 406_sub
12 11
6 6 1 1 1 1 1 4 1 4 1 4 
1 3
1 2
2 4
4 6
4 5
5 8
5 7
7 10
7 9
9 12
9 11

Graph 407_sub
12 12
5 5 1 4 1 6 6 6 6 1 1 1 
1 3
1 2
2 5
2 4
3 8
3 6
5 7
5 6
8 9
9 10
10 12
10 11

Graph 408_sub
12 12
1 6 6 5 1 5 6 1 4 1 1 5 
1 4
1 3
1 2
2 5
4 6
5 7
5 6
7 8
8 11
8 10
8 9
10 12

Graph 409_sub
12 11
4 1 1 1 1 4 1 1 4 4 1 4 
1 2
2 4
2 3
3 6
3 5
5 8
5 7
7 11
7 10
7 9
11 12

Graph 410_sub
12 11
4 2 1 1 1 1 1 2 2 4 4 1 
1 2
2 3
3 5
3 4
4 7
4 6
6 9
6 8
7 12
7 11
9 10

Graph 411_sub
12 11
1 1 1 4 4 1 1 1 6 4 6 1 
1 4
1 3
1 2
2 6
2 5
6 8
6 7
7 11
7 10
7 9
9 12

Graph 412_sub
12 11
2 4 6 2 2 1 4 1 6 22 22 4 
1 3
1 2
3 6
3 5
3 4
6 9
6 8
6 7
8 12
8 11
8 10

Graph 413_sub
12 11
4 2 6 2 2 1 6 4 4 2 2 2 
1 2
2 3
3 6
3 5
3 4
6 9
6 8
6 7
7 12
7 11
7 10

Graph 414_sub
12 12
1 1 2 1 1 2 4 1 2 1 1 4 
1 4
1 3
1 2
2 6
2 5
4 10
5 8
5 7
8 10
8 9
10 11
11 12

Graph 415_sub
12 11
1 5 1 1 4 1 1 1 4 1 1 4 
1 4
1 3
1 2
2 6
2 5
6 8
6 7
7 10
7 9
10 12
10 11

Graph 416_sub
12 12
1 4 1 1 1 2 2 1 4 4 1 1 
1 4
1 3
1 2
3 6
3 5
4 11
5 8
5 7
7 9
8 11
8 10
11 12

Graph 417_sub
12 11
4 1 1 1 1 1 1 4 1 2 1 1 
1 2
2 4
2 3
3 6
3 5
5 9
5 8
5 7
7 12
7 11
7 10

Graph 418_sub
12 12
4 1 1 1 4 1 4 1 1 4 1 5 
1 2
2 4
2 3
3 6
3 5
4 9
6 8
6 7
8 10
8 9
9 11
11 12

Graph 419_sub
12 12
4 1 1 1 1 5 1 4 4 1 1 1 
1 2
2 4
2 3
3 6
3 5
4 10
5 8
5 7
7 10
7 9
10 11
11 12

Graph 420_sub
12 11
4 1 1 4 5 4 4 4 1 1 1 1 
1 2
2 5
2 4
2 3
3 8
3 7
3 6
5 10
5 9
9 12
9 11

Graph 421_sub
12 12
1 1 4 1 1 4 1 4 1 4 4 1 
1 4
1 3
1 2
2 6
2 5
4 12
4 9
5 8
5 7
7 10
7 9
9 11

Graph 422_sub
12 11
4 1 1 1 2 2 1 1 1 4 1 1 
1 2
2 4
2 3
3 6
3 5
6 7
7 9
7 8
8 11
8 10
11 12

Graph 423_sub
12 11
5 7 1 1 5 2 2 1 1 4 4 4 
1 4
1 3
1 2
2 7
2 6
2 5
5 9
5 8
8 12
8 11
8 10

Graph 424_sub
12 11
4 1 4 1 4 4 4 2 7 6 2 2 
1 2
2 5
2 4
2 3
4 8
4 7
4 6
8 9
9 12
9 11
9 10

Graph 425_sub
12 12
1 1 1 2 1 1 1 4 4 1 2 7 
1 4
1 3
1 2
2 6
2 5
3 10
5 8
5 7
7 10
7 9
10 11
11 12

Graph 41766_sub
12 11
4 1 1 1 1 4 4 1 1 1 4 1 
1 2
2 4
2 3
3 6
3 5
5 8
5 7
8 10
8 9
9 12
9 11

Graph 427_sub
12 11
4 1 1 5 1 4 4 6 2 2 2 4 
1 2
2 5
2 4
2 3
3 8
3 7
3 6
8 11
8 10
8 9
11 12

Graph 428_sub
12 12
1 1 4 1 4 1 1 1 4 1 4 5 
1 4
1 3
1 2
2 6
2 5
4 10
6 8
6 7
7 10
7 9
8 12
10 11

Graph 429_sub
12 11
1 1 4 4 4 1 6 6 4 4 4 6 
1 5
1 4
1 3
1 2
2 8
2 7
2 6
6 11
6 10
6 9
7 12

Graph 430_sub
12 12
4 1 1 4 1 4 1 4 1 4 1 4 
1 2
2 5
2 4
2 3
3 8
3 7
3 6
5 9
7 11
7 10
7 9
9 12

Graph 431_sub
12 11
4 1 4 1 1 5 1 1 1 1 4 4 
1 2
2 5
2 4
2 3
4 8
4 7
4 6
6 10
6 9
9 12
9 11

Graph 432_sub
12 11
4 1 1 1 1 1 1 1 4 1 4 2 
1 2
2 5
2 4
2 3
3 8
3 7
3 6
6 11
6 10
6 9
10 12

Graph 433_sub
12 11
1 1 4 1 1 1 4 1 1 4 4 1 
1 5
1 4
1 3
1 2
2 8
2 7
2 6
6 11
6 10
6 9
9 12

Graph 434_sub
12 11
1 1 4 4 1 1 5 1 4 4 1 1 
1 5
1 4
1 3
1 2
2 8
2 7
2 6
6 11
6 10
6 9
11 12

Graph 435_sub
12 11
4 1 1 1 1 4 1 4 1 4 1 4 
1 2
2 4
2 3
3 6
3 5
5 8
5 7
7 10
7 9
9 12
9 11

Graph 436_sub
12 12
1 4 1 1 4 1 4 1 1 1 1 2 
1 4
1 3
1 2
3 6
3 5
4 9
6 8
6 7
8 10
8 9
9 11
11 12

Graph 437_sub
12 11
4 2 1 1 1 2 1 1 1 1 2 4 
1 2
2 3
3 5
3 4
4 7
4 6
7 9
7 8
8 11
8 10
10 12

Graph 438_sub
12 11
1 4 1 2 2 1 4 2 1 2 4 4 
1 5
1 4
1 3
1 2
3 8
3 7
3 6
6 11
6 10
6 9
9 12

Graph 439_sub
12 11
4 2 1 1 4 1 2 1 4 4 1 2 
1 2
2 3
3 6
3 5
3 4
4 9
4 8
4 7
7 10
8 12
8 11

Graph 440_sub
12 11
1 1 1 2 2 1 1 4 1 2 4 2 
1 4
1 3
1 2
2 6
2 5
5 7
7 10
7 9
7 8
9 12
9 11

Graph 441_sub
12 11
5 1 1 1 1 1 4 4 1 5 1 1 
1 3
1 2
2 5
2 4
4 7
4 6
6 9
6 8
9 11
9 10
10 12

Graph 442_sub
12 11
1 4 4 1 4 4 4 5 1 1 4 4 
1 5
1 4
1 3
1 2
4 8
4 7
4 6
8 10
8 9
9 12
9 11

Graph 443_sub
12 11
5 1 5 1 2 1 5 5 1 1 1 1 
1 3
1 2
2 5
2 4
4 7
4 6
6 9
6 8
8 11
8 10
10 12

Graph 444_sub
12 11
4 1 1 1 1 1 1 1 4 1 1 4 
1 2
2 4
2 3
3 6
3 5
5 8
5 7
7 10
7 9
10 12
10 11

Graph 445_sub
12 11
4 1 4 4 1 5 5 1 4 1 1 1 
1 2
2 5
2 4
2 3
5 7
5 6
6 8
8 10
8 9
10 12
10 11

Graph 446_sub
12 11
4 1 1 1 4 4 4 1 4 1 4 2 
1 2
2 5
2 4
2 3
3 8
3 7
3 6
8 11
8 10
8 9
10 12

Graph 447_sub
12 11
1 4 1 1 6 1 2 2 2 4 4 1 
1 4
1 3
1 2
3 6
3 5
5 9
5 8
5 7
6 12
6 11
7 10

Graph 448_sub
12 11
4 1 1 1 1 1 2 1 1 6 2 2 
1 2
2 4
2 3
3 6
3 5
5 9
5 8
5 7
7 10
10 12
10 11

Graph 449_sub
12 11
6 2 1 2 2 4 1 1 1 4 6 1 
1 5
1 4
1 3
1 2
2 6
3 8
3 7
7 10
7 9
9 12
9 11

Graph 450_sub
12 11
2 4 6 1 2 2 1 1 4 1 1 1 
1 3
1 2
3 6
3 5
3 4
4 8
4 7
7 10
7 9
10 12
10 11

Graph 451_sub
12 11
4 1 1 1 1 1 5 2 4 5 4 4 
1 2
2 4
2 3
3 6
3 5
5 8
5 7
7 10
7 9
10 12
10 11

Graph 452_sub
12 12
1 4 4 1 1 2 1 4 1 1 4 4 
1 5
1 4
1 3
1 2
4 8
4 7
4 6
6 7
7 10
7 9
9 12
9 11

Graph 453_sub
12 11
4 1 4 1 1 4 4 1 1 4 4 4 
1 2
2 5
2 4
2 3
4 8
4 7
4 6
8 11
8 10
8 9
9 12

Graph 454_sub
12 11
4 1 1 4 1 4 1 1 4 1 1 2 
1 2
2 5
2 4
2 3
3 8
3 7
3 6
7 11
7 10
7 9
10 12

Graph 455_sub
12 11
1 1 1 1 1 1 1 1 4 1 1 4 
1 4
1 3
1 2
2 7
2 6
2 5
5 10
5 9
5 8
8 12
8 11

Graph 456_sub
12 12
1 1 5 4 4 4 4 1 5 5 1 5 
1 5
1 4
1 3
1 2
2 7
2 6
2 3
3 8
8 10
8 9
9 11
11 12

Graph 457_sub
12 11
1 1 1 4 1 1 1 4 1 1 1 4 
1 5
1 4
1 3
1 2
2 8
2 7
2 6
6 11
6 10
6 9
9 12

Graph 458_sub
12 12
4 1 1 1 4 1 1 5 4 1 1 4 
1 2
2 4
2 3
3 6
3 5
4 10
6 8
6 7
7 10
7 9
10 11
11 12

Graph 459_sub
12 11
4 1 4 1 1 1 1 1 1 4 1 1 
1 2
2 5
2 4
2 3
4 8
4 7
4 6
6 11
6 10
6 9
9 12

Graph 460_sub
12 11
2 1 2 1 1 4 1 4 4 5 4 1 
1 2
2 4
2 3
3 5
5 8
5 7
5 6
7 11
7 10
7 9
10 12

Graph 461_sub
12 12
4 5 1 1 1 1 5 2 5 1 2 4 
1 2
2 4
2 3
3 6
3 5
5 8
5 7
6 10
7 9
9 10
10 11
11 12

Graph 462_sub
12 11
1 5 4 4 1 1 4 1 1 1 4 5 
1 5
1 4
1 3
1 2
2 7
2 6
6 9
6 8
8 11
8 10
10 12

Graph 463_sub
12 11
1 4 1 4 6 1 4 5 1 4 4 4 
1 5
1 4
1 3
1 2
3 8
3 7
3 6
6 11
6 10
6 9
9 12

Graph 464_sub
12 11
4 1 4 2 1 4 2 1 4 4 2 1 
1 2
2 5
2 4
2 3
4 6
5 9
5 8
5 7
7 10
8 12
8 11

Graph 465_sub
12 11
1 1 1 4 1 1 1 1 1 5 4 1 
1 4
1 3
1 2
2 6
2 5
5 9
5 8
5 7
7 10
8 12
8 11

Graph 466_sub
12 12
4 1 1 1 1 4 4 1 1 5 5 1 
1 2
2 4
2 3
3 6
3 5
4 9
5 8
5 7
8 10
8 9
9 11
11 12

Graph 467_sub
12 11
4 1 4 4 2 1 1 1 1 2 1 4 
1 2
2 5
2 4
2 3
5 6
6 8
6 7
7 10
7 9
9 12
9 11

Graph 468_sub
12 11
1 4 1 4 2 4 1 1 4 1 1 4 
1 5
1 4
1 3
1 2
3 8
3 7
3 6
7 11
7 10
7 9
10 12

Graph 469_sub
12 11
1 2 4 4 4 1 1 1 4 1 5 1 
1 5
1 4
1 3
1 2
2 6
6 8
6 7
7 10
7 9
10 12
10 11

Graph 470_sub
12 11
1 1 1 4 4 1 1 1 2 1 4 4 
1 5
1 4
1 3
1 2
2 7
2 6
6 9
6 8
8 11
8 10
10 12

Graph 471_sub
12 11
1 1 4 1 1 4 5 1 4 1 1 1 
1 4
1 3
1 2
2 6
2 5
5 8
5 7
7 10
7 9
10 12
10 11

Graph 472_sub
12 11
1 4 2 1 1 4 4 1 4 4 4 1 
1 4
1 3
1 2
3 5
4 12
5 8
5 7
5 6
8 11
8 10
8 9

Graph 473_sub
12 11
1 1 1 4 5 1 1 4 1 1 1 4 
1 4
1 3
1 2
2 6
2 5
5 8
5 7
7 10
7 9
9 12
9 11

Graph 474_sub
12 11
2 1 2 1 1 1 4 1 4 1 5 1 
1 2
2 4
2 3
3 5
5 8
5 7
5 6
6 11
6 10
6 9
10 12

Graph 475_sub
12 11
4 1 5 4 4 10 10 4 5 1 10 4 
1 2
2 5
2 4
2 3
3 7
3 6
6 9
6 8
9 11
9 10
10 12

Graph 476_sub
12 11
1 2 2 1 1 1 1 4 1 1 4 5 
1 4
1 3
1 2
3 5
5 7
5 6
6 9
6 8
9 11
9 10
10 12

Graph 477_sub
12 12
1 1 1 1 4 1 1 4 1 1 4 1 
1 4
1 3
1 2
2 6
2 5
3 9
6 8
6 7
7 10
7 9
9 11
10 12

Graph 478_sub
12 12
4 1 5 1 4 7 5 5 6 1 1 4 
1 2
2 5
2 4
2 3
3 6
3 4
6 9
6 8
6 7
7 11
7 10
10 12

Graph 479_sub
12 11
1 1 4 1 1 2 5 1 5 1 1 1 
1 4
1 3
1 2
2 6
2 5
5 8
5 7
7 9
9 10
10 12
10 11

Graph 480_sub
12 11
1 1 1 6 2 1 4 5 1 5 1 1 
1 4
1 3
1 2
2 6
2 5
5 7
6 9
6 8
8 10
10 11
11 12

Graph 481_sub
12 12
4 1 1 1 4 1 4 1 4 1 6 2 
1 2
2 4
2 3
3 6
3 5
4 10
6 8
6 7
8 10
8 9
10 11
11 12

Graph 482_sub
12 12
1 1 5 1 4 1 4 1 1 1 4 1 
1 4
1 3
1 2
2 6
2 5
4 9
6 8
6 7
8 10
8 9
9 11
10 12

Graph 483_sub
12 11
1 1 2 1 5 1 5 1 1 1 4 1 
1 4
1 3
1 2
2 6
2 5
5 7
7 8
8 10
8 9
9 12
9 11

Graph 484_sub
12 11
1 4 1 1 1 1 1 2 1 1 1 1 
1 4
1 3
1 2
3 6
3 5
5 9
5 8
5 7
7 11
7 10
10 12

Graph 485_sub
12 11
4 1 1 1 4 4 4 1 1 4 4 1 
1 2
2 5
2 4
2 3
3 8
3 7
3 6
8 11
8 10
8 9
9 12

Graph 486_sub
12 11
6 2 2 1 2 4 4 1 4 5 4 4 
1 5
1 4
1 3
1 2
3 6
4 9
4 8
4 7
8 12
8 11
8 10

Graph 487_sub
12 11
4 1 4 1 4 6 1 4 7 6 6 6 
1 2
2 5
2 4
2 3
4 8
4 7
4 6
6 9
9 12
9 11
9 10

Graph 488_sub
12 11
6 1 1 4 4 4 4 6 6 6 1 4 
1 3
1 2
2 6
2 5
2 4
3 9
3 8
3 7
8 10
10 11
11 12

Graph 489_sub
12 11
1 1 1 4 2 5 4 4 1 1 1 4 
1 5
1 4
1 3
1 2
2 8
2 7
2 6
6 10
6 9
9 12
9 11

Graph 490_sub
12 11
1 4 4 4 1 1 1 2 1 1 2 1 
1 5
1 4
1 3
1 2
5 7
5 6
6 9
6 8
8 10
10 12
10 11

Graph 491_sub
12 11
4 1 1 1 4 4 4 1 5 2 1 1 
1 2
2 5
2 4
2 3
3 8
3 7
3 6
8 10
8 9
9 12
9 11

Graph 492_sub
12 12
1 4 1 1 1 1 1 4 1 1 6 1 
1 4
1 3
1 2
3 6
3 5
4 9
5 8
5 7
7 10
7 9
9 11
11 12

Graph 493_sub
12 11
1 1 4 1 4 1 4 4 4 4 1 1 
1 5
1 4
1 3
1 2
2 8
2 7
2 6
6 11
6 10
6 9
11 12

Graph 494_sub
12 11
2 14 1 2 2 1 1 1 4 1 4 1 
1 2
2 5
2 4
2 3
3 7
3 6
6 9
6 8
8 11
8 10
10 12

Graph 495_sub
12 11
4 1 4 4 1 4 1 1 4 4 4 1 
1 2
2 5
2 4
2 3
5 8
5 7
5 6
7 11
7 10
7 9
8 12

Graph 496_sub
12 11
4 1 1 4 4 1 4 1 4 4 5 1 
1 2
2 5
2 4
2 3
3 8
3 7
3 6
6 11
6 10
6 9
11 12

Graph 497_sub
12 11
4 1 1 4 1 4 4 4 1 4 4 5 
1 2
2 5
2 4
2 3
3 8
3 7
3 6
5 11
5 10
5 9
9 12

Graph 498_sub
12 11
1 4 1 1 2 1 1 1 1 1 1 1 
1 4
1 3
1 2
3 6
3 5
5 7
7 9
7 8
8 11
8 10
10 12

Graph 499_sub
12 12
4 1 1 1 1 4 4 1 1 4 2 1 
1 2
2 4
2 3
3 6
3 5
4 9
5 8
5 7
8 10
8 9
9 11
11 12

Graph 500_sub
12 12
1 1 1 1 2 2 6 2 2 1 4 1 
1 4
1 3
1 2
2 6
2 5
3 11
3 10
4 7
6 7
7 9
7 8
10 12

Graph 501_sub
12 11
1 4 4 4 5 1 1 4 4 4 1 1 
1 5
1 4
1 3
1 2
5 7
5 6
6 10
6 9
6 8
7 12
7 11

Graph 502_sub
12 11
1 1 1 1 1 2 1 1 1 1 4 11 
1 4
1 3
1 2
2 7
2 6
2 5
5 9
5 8
8 11
8 10
10 12

Graph 503_sub
12 11
1 2 1 1 4 1 1 1 1 4 4 4 
1 4
1 3
1 2
2 5
3 7
3 6
6 10
6 9
6 8
8 12
8 11

Graph 504_sub
12 11
4 1 1 1 1 4 1 4 1 1 5 1 
1 2
2 4
2 3
3 6
3 5
5 8
5 7
7 10
7 9
9 12
9 11

Graph 505_sub
12 11
4 1 1 1 1 1 1 1 4 1 1 6 
1 2
2 4
2 3
3 6
3 5
5 8
5 7
7 10
7 9
10 12
10 11

Graph 506_sub
12 11
5 4 4 1 1 1 1 4 1 6 4 1 
1 4
1 3
1 2
4 6
4 5
5 8
5 7
7 10
7 9
9 12
9 11

Graph 507_sub
12 11
1 1 4 1 5 2 2 4 4 1 4 4 
1 5
1 4
1 3
1 2
2 7
2 6
4 11
4 10
4 9
7 8
10 12

Graph 508_sub
12 11
1 1 1 6 1 4 1 1 4 4 4 2 
1 4
1 3
1 2
2 6
2 5
5 8
5 7
7 11
7 10
7 9
8 12

Graph 509_sub
12 11
1 4 1 5 4 4 4 2 4 1 1 2 
1 5
1 4
1 3
1 2
3 8
3 7
3 6
4 11
4 10
8 9
10 12

Graph 510_sub
12 11
1 1 4 1 6 1 2 2 2 4 1 4 
1 4
1 3
1 2
2 6
2 5
5 9
5 8
5 7
6 12
6 11
9 10

Graph 511_sub
12 12
4 1 1 1 1 4 1 5 1 4 4 5 
1 2
2 4
2 3
3 6
3 5
4 9
5 8
5 7
7 10
7 9
8 12
9 11

Graph 512_sub
12 12
1 1 1 1 2 1 1 2 1 1 1 2 
1 4
1 3
1 2
2 6
2 5
4 9
5 7
7 9
7 8
9 10
10 12
10 11

Graph 513_sub
12 11
4 1 1 4 1 2 1 1 1 1 2 1 
1 2
2 5
2 4
2 3
3 7
3 6
7 9
7 8
8 11
8 10
10 12

Graph 514_sub
12 11
5 4 1 1 1 1 4 1 1 4 1 1 
1 4
1 3
1 2
3 6
3 5
5 8
5 7
8 10
8 9
9 12
9 11

Graph 515_sub
12 11
1 1 4 1 1 1 2 1 4 4 1 2 
1 4
1 3
1 2
2 6
2 5
5 8
5 7
7 9
8 11
8 10
11 12

Graph 516_sub
12 11
4 1 1 1 1 4 1 1 4 1 1 2 
1 2
2 5
2 4
2 3
3 8
3 7
3 6
7 11
7 10
7 9
10 12

Graph 517_sub
12 11
1 1 1 1 4 4 1 1 4 1 1 4 
1 4
1 3
1 2
2 7
2 6
2 5
7 9
7 8
8 11
8 10
10 12

Graph 518_sub
12 12
1 1 1 1 2 1 1 1 1 2 4 1 
1 4
1 3
1 2
2 6
2 5
4 8
5 7
7 9
7 8
8 10
9 12
10 11

Graph 519_sub
12 11
2 1 1 1 1 1 4 1 1 2 2 4 
1 3
1 2
2 5
2 4
4 7
4 6
6 9
6 8
8 11
8 10
11 12

Graph 520_sub
12 11
1 4 5 4 1 1 1 4 1 1 1 1 
1 5
1 4
1 3
1 2
3 6
6 8
6 7
7 10
7 9
9 12
9 11

Graph 521_sub
12 11
1 1 1 2 1 1 1 1 4 1 1 1 
1 4
1 3
1 2
2 6
2 5
5 8
5 7
7 10
7 9
10 12
10 11

Graph 522_sub
12 12
1 1 2 4 1 4 4 1 1 4 5 4 
1 4
1 3
1 2
2 6
2 5
3 8
5 8
5 7
8 9
9 12
9 11
9 10

Graph 523_sub
12 11
1 5 4 1 1 4 4 1 1 4 4 4 
1 4
1 3
1 2
2 5
5 8
5 7
5 6
8 11
8 10
8 9
9 12

Graph 524_sub
12 11
1 1 1 1 4 4 1 4 4 1 4 4 
1 4
1 3
1 2
2 7
2 6
2 5
7 10
7 9
7 8
10 12
10 11

Graph 525_sub
12 11
4 1 4 1 4 1 4 1 4 4 4 1 
1 2
2 5
2 4
2 3
4 8
4 7
4 6
6 11
6 10
6 9
8 12

Graph 526_sub
12 11
2 4 1 1 2 1 4 4 4 4 1 4 
1 3
1 2
3 5
3 4
4 8
4 7
4 6
6 11
6 10
6 9
11 12

Graph 527_sub
12 12
4 18 18 2 18 4 2 18 18 4 18 4 
1 2
2 5
2 4
2 3
3 8
3 7
3 6
7 8
8 10
8 9
9 12
9 11

Graph 528_sub
12 11
4 1 1 1 1 2 2 4 4 1 4 1 
1 2
2 5
2 4
2 3
3 7
3 6
4 11
4 10
4 9
6 8
10 12

Graph 529_sub
12 11
4 1 1 4 4 1 1 1 4 1 4 4 
1 2
2 5
2 4
2 3
3 7
3 6
6 10
6 9
6 8
8 12
8 11

Graph 530_sub
12 11
5 2 1 2 1 1 1 4 1 4 6 1 
1 4
1 3
1 2
3 6
3 5
5 8
5 7
7 10
7 9
9 12
9 11

Graph 531_sub
12 11
1 1 4 1 6 1 5 2 2 5 4 1 
1 4
1 3
1 2
2 6
2 5
5 9
5 8
5 7
7 11
7 10
10 12

Graph 532_sub
12 11
1 1 1 1 4 5 5 6 4 1 2 2 
1 4
1 3
1 2
2 6
2 5
6 7
7 9
7 8
8 12
8 11
8 10

Graph 533_sub
12 11
4 1 4 1 4 1 4 4 1 4 4 1 
1 2
2 5
2 4
2 3
4 8
4 7
4 6
6 11
6 10
6 9
9 12

Graph 534_sub
12 11
2 1 2 1 4 1 1 1 1 2 2 4 
1 2
2 4
2 3
3 5
4 7
4 6
6 9
6 8
8 11
8 10
10 12

Graph 535_sub
12 12
4 1 1 1 1 2 1 5 4 1 4 1 
1 2
2 4
2 3
3 6
3 5
4 10
5 8
5 7
7 10
7 9
8 12
10 11

Graph 536_sub
12 12
1 1 1 5 1 5 2 5 4 5 4 1 
1 4
1 3
1 2
2 6
2 5
3 10
5 8
5 7
6 12
6 11
7 9
8 10

Graph 537_sub
12 12
4 1 1 4 1 1 4 1 4 4 1 4 
1 2
2 5
2 4
2 3
3 8
3 7
3 6
6 11
6 10
6 9
8 11
11 12

Graph 538_sub
12 11
4 1 1 4 4 5 1 1 1 1 1 1 
1 2
2 5
2 4
2 3
3 7
3 6
6 8
8 10
8 9
9 12
9 11

Graph 539_sub
12 11
1 4 1 4 1 4 1 2 1 23 1 1 
1 5
1 4
1 3
1 2
3 8
3 7
3 6
7 11
7 10
7 9
9 12

Graph 540_sub
12 11
1 2 1 5 1 4 1 4 4 1 4 4 
1 4
1 3
1 2
3 7
3 6
3 5
5 10
5 9
5 8
10 12
10 11

Graph 541_sub
12 11
5 1 1 1 4 4 4 5 5 4 1 4 
1 4
1 3
1 2
2 7
2 6
2 5
3 9
3 8
8 11
8 10
11 12

Graph 542_sub
12 11
4 1 4 1 4 5 4 4 1 1 1 4 
1 2
2 5
2 4
2 3
4 8
4 7
4 6
6 10
6 9
9 12
9 11

Graph 543_sub
12 11
5 1 1 1 4 4 4 5 1 1 5 5 
1 4
1 3
1 2
2 7
2 6
2 5
3 9
3 8
8 10
10 12
10 11

Graph 544_sub
12 11
1 1 1 4 5 1 1 1 1 4 1 4 
1 4
1 3
1 2
2 6
2 5
5 7
7 9
7 8
8 11
8 10
11 12

Graph 545_sub
12 11
1 1 4 1 4 1 1 4 5 1 1 5 
1 4
1 3
1 2
2 6
2 5
6 8
6 7
7 10
7 9
9 12
9 11

Graph 546_sub
12 11
1 4 1 1 4 1 1 1 1 1 4 1 
1 4
1 3
1 2
3 6
3 5
6 8
6 7
7 10
7 9
9 12
9 11

Graph 547_sub
12 12
1 1 5 1 4 1 4 1 1 8 4 1 
1 4
1 3
1 2
2 6
2 5
3 12
4 9
6 8
6 7
8 10
8 9
9 11

Graph 548_sub
12 12
4 1 1 1 8 1 4 1 4 1 1 1 
1 2
2 4
2 3
3 6
3 5
4 10
6 8
6 7
8 10
8 9
10 11
11 12

Graph 549_sub
12 12
4 1 1 1 1 5 1 4 1 2 1 2 
1 2
2 4
2 3
3 6
3 5
4 9
5 8
5 7
7 10
7 9
9 11
11 12

Graph 550_sub
12 11
6 2 2 1 5 1 1 4 1 1 4 1 
1 5
1 4
1 3
1 2
4 7
4 6
6 9
6 8
9 11
9 10
10 12

Graph 551_sub
12 11
4 1 4 6 1 1 4 1 4 4 2 1 
1 2
2 5
2 4
2 3
4 6
6 9
6 8
6 7
8 12
8 11
8 10

Graph 552_sub
12 11
2 1 1 1 4 4 4 4 6 1 4 1 
1 3
1 2
2 6
2 5
2 4
4 9
4 8
4 7
9 10
10 12
10 11

Graph 553_sub
12 11
2 1 1 1 4 1 1 4 1 1 1 1 
1 2
2 4
2 3
3 6
3 5
6 8
6 7
7 11
7 10
7 9
9 12

Graph 554_sub
12 12
4 1 1 1 1 5 4 1 1 4 14 2 
1 2
2 4
2 3
3 6
3 5
4 9
5 8
5 7
8 10
8 9
9 11
11 12

Graph 555_sub
12 13
2 1 5 1 1 1 5 6 1 4 4 4 
1 2
2 4
2 3
3 6
3 5
4 8
5 8
5 7
6 12
6 9
7 9
9 11
9 10

Graph 556_sub
12 11
1 1 6 1 4 1 1 1 4 1 4 1 
1 4
1 3
1 2
2 6
2 5
6 8
6 7
7 10
7 9
10 12
10 11

Graph 557_sub
12 11
1 1 4 1 4 1 4 1 4 1 1 1 
1 4
1 3
1 2
2 6
2 5
6 8
6 7
8 10
8 9
10 11
11 12

Graph 558_sub
12 11
1 1 1 8 8 5 2 1 1 4 1 4 
1 5
1 4
1 3
1 2
2 7
2 6
6 9
6 8
8 12
8 11
8 10

Graph 559_sub
12 12
4 1 1 1 4 1 1 1 1 4 4 5 
1 2
2 4
2 3
3 6
3 5
4 9
6 8
6 7
7 10
7 9
8 12
9 11

Graph 12132_sub
12 11
4 1 1 4 1 2 1 1 4 1 1 1 
1 2
2 5
2 4
2 3
3 8
3 7
3 6
6 9
7 12
7 11
7 10

Graph 561_sub
12 12
5 1 1 1 1 1 1 1 5 1 4 1 
1 3
1 2
2 5
2 4
3 8
4 7
4 6
6 9
6 8
8 10
10 12
10 11

Graph 562_sub
12 11
2 4 1 1 4 4 5 4 4 4 1 1 
1 3
1 2
3 6
3 5
3 4
4 9
4 8
4 7
7 11
7 10
11 12

Graph 563_sub
12 12
1 1 5 1 1 4 4 1 4 1 7 2 
1 4
1 3
1 2
2 6
2 5
4 10
5 8
5 7
8 10
8 9
10 11
11 12

Graph 564_sub
12 11
4 1 4 1 1 1 4 1 1 4 4 1 
1 2
2 5
2 4
2 3
4 8
4 7
4 6
6 11
6 10
6 9
9 12

Graph 565_sub
12 11
1 1 4 1 5 1 1 1 1 4 4 4 
1 4
1 3
1 2
2 6
2 5
5 8
5 7
7 11
7 10
7 9
9 12

Graph 566_sub
12 11
1 1 5 4 1 2 2 4 4 4 4 6 
1 5
1 4
1 3
1 2
2 7
2 6
3 10
3 9
5 12
5 11
7 8

Graph 567_sub
12 12
1 4 1 1 1 4 1 1 1 1 5 4 
1 4
1 3
1 2
3 6
3 5
4 9
5 8
5 7
7 10
7 9
9 11
11 12

Graph 568_sub
12 11
1 8 1 1 1 1 1 1 1 2 1 1 
1 4
1 3
1 2
3 6
3 5
5 8
5 7
7 10
7 9
9 12
9 11

Graph 569_sub
8 7
2 4 7 2 2 2 4 4 
1 3
1 2
3 6
3 5
3 4
5 7
6 8

Graph 570_sub
12 11
1 1 1 1 5 1 1 1 1 4 1 4 
1 4
1 3
1 2
2 6
2 5
5 7
7 9
7 8
8 12
8 11
8 10

Graph 571_sub
12 12
4 1 1 1 1 4 4 5 1 1 1 2 
1 2
2 4
2 3
3 6
3 5
4 9
5 8
5 7
8 9
9 10
10 12
10 11

Graph 572_sub
12 11
2 1 4 5 1 1 1 1 1 4 8 1 
1 3
1 2
2 5
2 4
4 6
6 8
6 7
7 10
7 9
9 12
9 11

Graph 573_sub
12 11
4 1 1 1 1 4 1 5 1 1 2 1 
1 2
2 4
2 3
3 6
3 5
5 8
5 7
7 10
7 9
9 12
9 11

Graph 574_sub
12 11
4 1 1 4 1 4 4 1 1 1 4 23 
1 2
2 5
2 4
2 3
3 8
3 7
3 6
8 11
8 10
8 9
9 12

Graph 575_sub
12 11
4 1 1 1 1 2 1 1 4 1 1 1 
1 2
2 5
2 4
2 3
3 8
3 7
3 6
6 9
7 11
7 10
10 12

Graph 576_sub
12 12
4 1 1 1 1 2 4 1 1 5 1 1 
1 2
2 4
2 3
3 6
3 5
4 9
5 8
5 7
8 10
8 9
9 11
11 12

Graph 577_sub
12 11
1 1 4 4 5 5 4 4 1 1 4 1 
1 5
1 4
1 3
1 2
2 8
2 7
2 6
6 10
6 9
9 12
9 11

Graph 578_sub
12 11
4 1 4 1 1 4 4 4 1 4 1 5 
1 2
2 5
2 4
2 3
4 8
4 7
4 6
5 11
5 10
5 9
9 12

Graph 579_sub
12 11
5 1 1 1 5 4 4 1 1 4 1 4 
1 4
1 3
1 2
2 7
2 6
2 5
5 9
5 8
8 12
8 11
8 10

Graph 580_sub
12 11
1 2 1 4 4 1 1 2 7 1 4 2 
1 5
1 4
1 3
1 2
2 6
6 8
6 7
7 11
7 10
7 9
9 12

Graph 581_sub
12 12
1 1 1 2 1 1 4 2 1 1 2 4 
1 4
1 3
1 2
2 6
2 5
5 9
5 8
5 7
6 10
8 10
9 12
10 11

Graph 582_sub
12 11
4 1 5 4 4 1 1 4 4 4 1 4 
1 2
2 5
2 4
2 3
3 7
3 6
6 10
6 9
6 8
7 12
7 11

Graph 583_sub
12 12
1 5 1 1 1 1 1 6 4 6 1 1 
1 4
1 3
1 2
2 6
2 5
3 7
5 8
5 7
7 9
8 10
10 11
11 12

Graph 584_sub
12 12
2 1 1 1 4 4 1 4 4 1 1 4 
1 3
1 2
2 6
2 5
2 4
3 7
4 9
4 8
4 7
7 10
10 12
10 11

Graph 585_sub
12 12
4 1 1 4 2 1 4 4 1 1 2 4 
1 2
2 5
2 4
2 3
3 8
3 7
3 6
5 9
6 10
6 9
9 11
10 12

Graph 586_sub
12 11
4 1 4 4 5 1 1 1 1 1 4 4 
1 2
2 5
2 4
2 3
5 7
5 6
6 9
6 8
8 11
8 10
10 12

Graph 587_sub
12 11
4 1 4 2 4 1 1 1 2 1 1 4 
1 2
2 5
2 4
2 3
4 6
6 8
6 7
7 10
7 9
9 11
11 12

Graph 588_sub
12 11
1 2 4 4 1 1 1 1 1 4 4 1 
1 5
1 4
1 3
1 2
2 6
6 8
6 7
7 10
7 9
9 12
9 11

Graph 589_sub
12 11
1 5 1 1 1 5 4 4 1 1 1 4 
1 4
1 3
1 2
2 6
2 5
5 9
5 8
5 7
9 11
9 10
10 12

Graph 590_sub
12 11
5 1 1 4 2 5 4 4 1 2 1 2 
1 4
1 3
1 2
2 6
2 5
3 10
3 9
6 8
6 7
9 12
9 11

Graph 591_sub
12 12
1 1 4 1 4 1 4 1 4 1 4 1 
1 4
1 3
1 2
2 6
2 5
4 12
4 10
6 8
6 7
8 10
8 9
10 11

Graph 592_sub
12 12
2 1 5 1 1 1 1 1 1 4 1 1 
1 2
2 4
2 3
3 6
3 5
5 8
5 7
6 9
7 10
7 9
9 11
11 12

Graph 593_sub
12 11
4 1 1 1 1 2 1 4 1 1 4 1 
1 2
2 4
2 3
3 6
3 5
5 8
5 7
7 10
7 9
9 12
9 11

Graph 594_sub
12 11
1 2 5 1 6 1 5 2 2 1 1 4 
1 4
1 3
1 2
3 6
3 5
5 9
5 8
5 7
7 11
7 10
10 12

Graph 595_sub
12 11
1 1 4 1 1 1 1 1 1 11 1 4 
1 4
1 3
1 2
2 6
2 5
5 8
5 7
7 10
7 9
9 12
9 11

Graph 596_sub
12 11
1 4 4 4 5 1 1 4 4 4 5 5 
1 5
1 4
1 3
1 2
5 7
5 6
6 10
6 9
6 8
7 12
7 11

Graph 597_sub
12 11
6 2 1 2 2 1 4 4 2 2 1 1 
1 5
1 4
1 3
1 2
3 8
3 7
3 6
6 10
6 9
9 11
11 12

Graph 598_sub
12 11
2 6 1 1 2 1 1 1 1 1 4 4 
1 2
2 5
2 4
2 3
3 7
3 6
6 9
6 8
8 11
8 10
10 12

Graph 599_sub
12 11
4 1 4 4 1 1 1 1 5 4 1 5 
1 2
2 5
2 4
2 3
5 7
5 6
6 9
6 8
8 11
8 10
11 12

Graph 600_sub
12 12
1 1 1 1 4 1 4 1 4 1 4 1 
1 4
1 3
1 2
2 6
2 5
3 12
3 10
6 8
6 7
8 10
8 9
10 11

Graph 601_sub
12 11
1 1 4 1 1 1 1 1 1 1 4 1 
1 4
1 3
1 2
2 6
2 5
5 8
5 7
7 10
7 9
9 12
9 11

Graph 602_sub
12 12
1 1 6 1 1 1 1 4 1 4 5 5 
1 4
1 3
1 2
2 6
2 5
4 9
5 8
5 7
7 10
7 9
9 11
11 12

Graph 603_sub
12 11
4 1 4 1 1 4 4 1 4 1 4 4 
1 2
2 5
2 4
2 3
4 8
4 7
4 6
8 11
8 10
8 9
10 12

Graph 604_sub
12 11
4 1 2 4 4 1 1 1 4 1 1 4 
1 2
2 5
2 4
2 3
3 6
6 8
6 7
7 10
7 9
10 12
10 11

Graph 605_sub
12 11
5 4 1 1 1 1 1 1 1 4 4 1 
1 4
1 3
1 2
3 6
3 5
5 8
5 7
7 10
7 9
9 12
9 11

Graph 606_sub
12 11
4 1 1 4 4 1 4 4 4 1 4 5 
1 2
2 5
2 4
2 3
3 8
3 7
3 6
6 11
6 10
6 9
10 12

Graph 34056_sub
12 11
1 4 1 1 5 1 5 4 4 1 5 1 
1 4
1 3
1 2
3 6
3 5
5 8
5 7
7 10
7 9
10 12
10 11

Graph 608_sub
12 11
4 1 5 4 4 1 1 2 1 5 1 1 
1 2
2 5
2 4
2 3
3 7
3 6
6 9
6 8
9 11
9 10
10 12

Graph 609_sub
12 11
4 1 1 2 4 1 1 1 4 1 4 1 
1 2
2 5
2 4
2 3
3 7
3 6
6 9
6 8
8 11
8 10
10 12

Graph 610_sub
12 11
2 1 1 5 4 1 5 4 1 4 4 4 
1 2
2 4
2 3
3 7
3 6
3 5
6 10
6 9
6 8
9 12
9 11

Graph 611_sub
12 11
5 1 1 1 1 1 1 5 1 1 4 2 
1 3
1 2
2 5
2 4
4 7
4 6
6 9
6 8
8 11
8 10
10 12

Graph 612_sub
12 11
4 1 4 4 2 1 1 1 1 4 1 4 
1 2
2 5
2 4
2 3
5 6
6 8
6 7
7 10
7 9
9 12
9 11

Graph 613_sub
12 12
5 5 1 1 1 6 5 1 4 4 4 1 
1 4
1 3
1 2
2 5
4 6
5 7
5 6
7 9
7 8
8 12
8 11
8 10

Graph 614_sub
12 11
4 1 4 5 4 1 1 5 2 1 1 2 
1 2
2 5
2 4
2 3
4 7
4 6
6 9
6 8
8 11
8 10
10 12

Graph 615_sub
12 11
4 1 1 4 4 1 1 1 4 4 4 5 
1 2
2 5
2 4
2 3
3 8
3 7
3 6
6 11
6 10
6 9
7 12

Graph 616_sub
12 11
4 1 4 1 1 1 1 4 1 1 1 4 
1 2
2 5
2 4
2 3
4 7
4 6
6 9
6 8
9 11
9 10
10 12

Graph 617_sub
12 11
5 4 1 1 5 5 1 4 5 5 4 1 
1 4
1 3
1 2
3 6
3 5
5 8
5 7
7 10
7 9
9 11
10 12

Graph 618_sub
12 11
4 1 1 1 4 4 4 4 4 1 4 4 
1 2
2 5
2 4
2 3
3 8
3 7
3 6
4 11
4 10
4 9
10 12

Graph 619_sub
12 11
2 7 5 2 2 1 1 1 4 4 4 2 
1 2
2 5
2 4
2 3
3 7
3 6
6 10
6 9
6 8
8 12
8 11

Graph 620_sub
12 11
5 4 1 1 6 6 1 4 4 1 4 4 
1 4
1 3
1 2
3 6
3 5
5 7
7 10
7 9
7 8
10 12
10 11

Graph 621_sub
12 11
1 4 5 1 4 1 1 4 4 2 1 6 
1 5
1 4
1 3
1 2
3 7
3 6
6 10
6 9
6 8
10 11
11 12

Graph 622_sub
12 11
5 1 4 4 2 5 4 1 2 4 4 1 
1 4
1 3
1 2
2 6
2 5
6 8
6 7
8 11
8 10
8 9
9 12

Graph 623_sub
12 11
5 1 1 4 1 1 4 5 4 4 4 1 
1 4
1 3
1 2
2 7
2 6
2 5
5 10
5 9
5 8
8 12
8 11

Graph 624_sub
12 11
8 1 8 1 8 5 2 4 4 1 5 6 
1 2
2 5
2 4
2 3
4 8
4 7
4 6
6 10
6 9
10 12
10 11

Graph 625_sub
12 11
1 5 6 6 1 4 4 4 1 4 4 2 
1 4
1 3
1 2
2 6
2 5
5 9
5 8
5 7
9 12
9 11
9 10

Graph 626_sub
12 11
6 1 5 6 1 4 1 4 4 4 5 4 
1 2
2 4
2 3
3 6
3 5
5 9
5 8
5 7
7 12
7 11
7 10

Graph 627_sub
12 11
1 2 4 4 4 1 6 6 6 1 5 6 
1 5
1 4
1 3
1 2
2 6
6 8
6 7
8 9
9 10
10 12
10 11

Graph 628_sub
12 11
4 1 4 4 5 1 1 4 2 4 1 6 
1 2
2 5
2 4
2 3
5 7
5 6
6 10
6 9
6 8
9 11
11 12

Graph 629_sub
12 11
4 1 4 4 1 4 1 4 1 1 1 2 
1 2
2 5
2 4
2 3
5 8
5 7
5 6
7 11
7 10
7 9
9 12

Graph 630_sub
12 11
5 4 1 1 4 4 1 5 4 4 4 1 
1 4
1 3
1 2
3 7
3 6
3 5
7 10
7 9
7 8
8 12
8 11

Graph 631_sub
12 11
4 1 5 1 4 1 1 4 1 4 4 4 
1 2
2 5
2 4
2 3
3 7
3 6
6 10
6 9
6 8
9 12
9 11

Graph 632_sub
12 11
4 1 2 1 1 1 1 2 4 4 1 4 
1 2
2 5
2 4
2 3
3 6
6 9
6 8
6 7
7 12
7 11
7 10

Graph 633_sub
12 11
4 1 1 1 5 1 4 4 1 5 1 1 
1 2
2 4
2 3
3 6
3 5
5 8
5 7
6 10
6 9
9 12
9 11

Graph 634_sub
12 11
4 1 1 1 1 4 1 1 5 1 4 1 
1 2
2 4
2 3
3 6
3 5
5 8
5 7
7 10
7 9
9 12
9 11

Graph 635_sub
12 12
4 1 1 4 6 2 5 1 1 6 4 4 
1 2
2 5
2 4
2 3
3 7
3 6
5 8
7 9
7 8
8 10
9 12
9 11

Graph 636_sub
12 11
4 1 1 5 4 1 4 4 1 4 4 4 
1 2
2 5
2 4
2 3
3 8
3 7
3 6
6 11
6 10
6 9
9 12

Graph 637_sub
12 12
1 1 4 1 1 2 1 1 4 1 4 4 
1 4
1 3
1 2
2 6
2 5
4 10
5 8
5 7
7 10
7 9
8 12
10 11

Graph 638_sub
12 11
1 4 1 4 1 1 4 4 4 1 4 4 
1 5
1 4
1 3
1 2
3 8
3 7
3 6
6 11
6 10
6 9
10 12

Graph 639_sub
12 11
4 1 1 1 1 4 4 1 1 1 1 2 
1 2
2 4
2 3
3 6
3 5
5 8
5 7
8 10
8 9
9 12
9 11

Graph 640_sub
12 11
1 1 1 4 1 4 1 4 4 1 4 4 
1 4
1 3
1 2
2 6
2 5
5 9
5 8
5 7
7 12
7 11
7 10

Graph 641_sub
12 11
4 1 1 2 1 4 4 4 10 2 2 1 
1 2
2 5
2 4
2 3
3 8
3 7
3 6
4 9
9 11
9 10
10 12

Graph 642_sub
12 11
2 1 1 5 1 1 1 4 1 4 1 4 
1 2
2 4
2 3
3 6
3 5
5 8
5 7
7 10
7 9
9 12
9 11

Graph 643_sub
12 11
4 1 5 4 1 1 1 1 1 4 4 4 
1 2
2 5
2 4
2 3
3 8
3 7
3 6
6 11
6 10
6 9
9 12

Graph 644_sub
12 11
4 1 1 1 4 4 4 1 1 4 4 4 
1 2
2 5
2 4
2 3
3 8
3 7
3 6
8 11
8 10
8 9
9 12

Graph 645_sub
12 11
2 1 4 1 1 4 1 4 2 4 4 1 
1 3
1 2
2 6
2 5
2 4
4 9
4 8
4 7
7 12
7 11
7 10

Graph 2765_sub
12 11
1 2 2 1 1 1 4 4 4 5 4 1 
1 4
1 3
1 2
2 5
5 8
5 7
5 6
6 11
6 10
6 9
10 12

Graph 647_sub
12 11
4 1 1 1 4 4 4 1 1 4 5 1 
1 2
2 5
2 4
2 3
3 8
3 7
3 6
8 11
8 10
8 9
9 12

Graph 648_sub
12 11
1 6 5 6 6 6 1 5 6 1 4 4 
1 4
1 3
1 2
2 5
5 6
6 7
7 9
7 8
8 11
8 10
10 12

Graph 649_sub
12 11
4 1 4 5 4 4 1 6 6 6 6 6 
1 2
2 5
2 4
2 3
4 7
4 6
7 9
7 8
8 10
10 11
11 12

Graph 650_sub
12 11
6 1 6 5 6 6 1 5 6 1 1 4 
1 2
2 4
2 3
3 5
5 6
6 7
7 9
7 8
8 11
8 10
10 12

Graph 651_sub
12 11
4 1 5 4 4 1 1 4 4 4 6 6 
1 2
2 5
2 4
2 3
3 7
3 6
6 10
6 9
6 8
7 12
7 11

Graph 652_sub
12 11
4 1 2 4 1 1 6 2 1 6 5 1 
1 2
2 5
2 4
2 3
3 6
6 8
6 7
7 9
9 11
9 10
10 12

Graph 653_sub
12 11
1 4 5 1 4 4 1 6 6 6 6 1 
1 5
1 4
1 3
1 2
3 7
3 6
7 9
7 8
9 10
10 11
11 12

Graph 654_sub
12 11
4 1 4 4 1 1 4 4 4 1 4 5 
1 2
2 5
2 4
2 3
5 8
5 7
5 6
6 11
6 10
6 9
10 12

Graph 655_sub
12 11
6 1 1 6 5 1 4 1 1 1 1 4 
1 3
1 2
2 5
2 4
5 7
5 6
6 10
6 9
6 8
8 12
8 11

Graph 656_sub
12 11
6 6 6 1 6 5 4 1 1 4 1 4 
1 3
1 2
2 4
4 6
4 5
6 8
6 7
8 11
8 10
8 9
9 12

Graph 657_sub
12 11
4 1 1 1 4 4 4 1 4 4 1 4 
1 2
2 5
2 4
2 3
3 8
3 7
3 6
8 11
8 10
8 9
11 12

Graph 658_sub
12 11
1 6 5 2 1 1 4 1 1 4 1 4 
1 4
1 3
1 2
3 6
3 5
5 9
5 8
5 7
8 12
8 11
8 10

Graph 659_sub
12 11
6 7 6 2 2 4 1 1 1 1 1 4 
1 2
2 5
2 4
2 3
3 6
4 7
7 9
7 8
8 11
8 10
10 12

Graph 660_sub
12 11
4 1 1 1 4 4 1 5 4 4 1 4 
1 2
2 5
2 4
2 3
3 8
3 7
3 6
7 11
7 10
7 9
11 12

Graph 661_sub
12 11
4 1 1 1 4 1 1 1 6 5 1 1 
1 2
2 4
2 3
3 6
3 5
6 8
6 7
7 10
7 9
9 11
11 12

Graph 662_sub
12 11
4 1 4 4 1 6 2 1 1 4 1 1 
1 2
2 5
2 4
2 3
5 7
5 6
6 8
8 11
8 10
8 9
9 12

Graph 663_sub
12 11
4 1 4 1 1 1 2 1 4 4 1 1 
1 2
2 5
2 4
2 3
4 7
4 6
6 10
6 9
6 8
8 12
8 11

Graph 664_sub
12 11
4 1 1 4 1 4 4 1 1 1 1 1 
1 2
2 5
2 4
2 3
3 8
3 7
3 6
8 11
8 10
8 9
9 12

Graph 665_sub
12 12
1 1 4 1 1 4 1 5 4 1 4 5 
1 4
1 3
1 2
2 6
2 5
4 10
5 8
5 7
7 10
7 9
8 12
10 11

Graph 666_sub
12 11
2 1 4 1 4 1 2 4 4 4 2 1 
1 3
1 2
2 6
2 5
2 4
4 9
4 8
4 7
6 12
6 11
7 10

Graph 667_sub
12 11
5 4 1 1 1 1 1 1 4 1 4 5 
1 4
1 3
1 2
3 6
3 5
5 8
5 7
7 10
7 9
10 12
10 11

Graph 668_sub
12 11
5 1 1 1 1 1 1 4 4 1 4 1 
1 4
1 3
1 2
2 6
2 5
5 8
5 7
7 10
7 9
10 12
10 11

Graph 669_sub
12 12
1 1 1 1 5 1 1 1 4 1 2 2 
1 4
1 3
1 2
2 6
2 5
3 8
5 7
7 9
7 8
8 10
10 12
10 11

Graph 670_sub
12 12
1 1 4 1 1 4 1 1 1 5 4 1 
1 4
1 3
1 2
2 6
2 5
4 9
5 8
5 7
7 10
7 9
9 11
10 12

Graph 671_sub
12 11
4 1 1 1 4 1 4 1 5 1 1 4 
1 2
2 4
2 3
3 6
3 5
6 8
6 7
8 10
8 9
9 11
11 12

Graph 672_sub
12 11
4 1 5 4 4 1 1 1 1 1 4 1 
1 2
2 5
2 4
2 3
3 7
3 6
6 9
6 8
8 11
8 10
10 12

Graph 673_sub
12 11
1 4 4 4 5 1 1 4 4 4 1 1 
1 5
1 4
1 3
1 2
5 7
5 6
6 10
6 9
6 8
7 12
7 11

Graph 674_sub
12 11
4 1 4 1 4 1 2 1 4 4 4 4 
1 2
2 5
2 4
2 3
4 8
4 7
4 6
6 11
6 10
6 9
7 12

Graph 675_sub
12 11
1 5 1 1 1 1 1 4 1 1 4 4 
1 4
1 3
1 2
2 5
5 7
5 6
6 9
6 8
9 11
9 10
10 12

Graph 676_sub
12 11
1 1 2 1 6 1 4 6 1 1 4 1 
1 4
1 3
1 2
2 7
2 6
2 5
5 8
8 9
9 12
9 11
9 10

Graph 677_sub
12 11
1 2 2 2 1 4 1 4 8 8 8 1 
1 4
1 3
1 2
2 5
4 12
5 8
5 7
5 6
7 11
7 10
7 9

Graph 678_sub
12 11
1 2 1 1 1 1 4 1 4 1 1 4 
1 4
1 3
1 2
3 6
3 5
5 8
5 7
8 10
8 9
10 12
10 11

Graph 679_sub
12 11
1 1 1 1 1 1 1 1 1 1 4 1 
1 4
1 3
1 2
2 6
2 5
5 8
5 7
7 10
7 9
9 12
9 11

Graph 680_sub
12 11
1 1 1 1 5 1 5 1 1 1 1 1 
1 4
1 3
1 2
2 6
2 5
5 8
5 7
7 10
7 9
9 12
9 11

Graph 681_sub
12 12
1 1 1 1 1 1 1 4 4 1 4 5 
1 4
1 3
1 2
2 6
2 5
3 10
5 8
5 7
6 12
7 10
7 9
10 11

Graph 682_sub
12 11
2 1 1 1 2 1 1 4 5 1 1 1 
1 3
1 2
2 5
2 4
4 7
4 6
6 9
6 8
9 10
10 12
10 11

Graph 683_sub
12 12
1 1 1 1 2 4 5 2 1 1 1 1 
1 4
1 3
1 2
2 6
2 5
3 8
3 7
4 10
7 9
9 11
9 10
10 12

Graph 684_sub
12 11
2 5 1 2 1 1 1 4 1 4 4 4 
1 2
2 4
2 3
3 7
3 6
3 5
5 10
5 9
5 8
9 12
9 11

Graph 685_sub
12 12
5 2 1 26 2 2 2 2 2 1 1 4 
1 3
1 2
2 4
3 10
4 9
4 8
4 7
4 6
4 5
5 10
10 11
11 12

Graph 686_sub
12 12
4 1 1 1 1 4 4 1 4 1 4 5 
1 2
2 4
2 3
3 6
3 5
4 12
4 10
5 8
5 7
8 10
8 9
10 11

Graph 687_sub
12 12
1 1 6 1 1 4 1 1 1 1 2 4 
1 4
1 3
1 2
2 6
2 5
4 9
5 8
5 7
7 10
7 9
9 11
11 12

Graph 7305_sub
12 11
2 1 1 2 4 1 1 4 1 4 4 1 
1 2
2 4
2 3
3 6
3 5
6 8
6 7
7 10
7 9
9 12
9 11

Graph 689_sub
12 11
1 1 4 4 1 4 4 4 4 1 4 4 
1 5
1 4
1 3
1 2
2 8
2 7
2 6
5 11
5 10
5 9
10 12

Graph 690_sub
12 11
1 1 1 4 1 4 14 6 2 1 14 1 
1 4
1 3
1 2
2 6
2 5
5 8
5 7
7 10
7 9
9 11
11 12

Graph 691_sub
12 11
4 1 1 1 4 1 4 4 4 1 4 4 
1 2
2 5
2 4
2 3
3 8
3 7
3 6
6 11
6 10
6 9
10 12

Graph 692_sub
12 11
8 1 5 5 1 8 5 1 5 4 1 1 
1 2
2 4
2 3
3 5
5 7
5 6
7 8
8 9
9 11
9 10
11 12

Graph 693_sub
12 11
5 1 1 4 1 1 4 1 4 4 4 1 
1 4
1 3
1 2
2 7
2 6
2 5
5 10
5 9
5 8
8 12
8 11

Graph 694_sub
12 11
4 1 4 4 2 1 1 2 5 1 4 1 
1 2
2 5
2 4
2 3
5 6
6 8
6 7
7 11
7 10
7 9
9 12

Graph 695_sub
12 11
4 2 6 2 2 1 5 6 5 2 2 2 
1 2
2 3
3 6
3 5
3 4
6 8
6 7
7 9
8 12
8 11
8 10

Graph 696_sub
12 11
6 2 2 2 1 4 6 4 5 2 2 2 
1 5
1 4
1 3
1 2
4 6
5 9
5 8
5 7
7 12
7 11
7 10

Graph 697_sub
12 11
1 5 2 1 1 1 1 1 1 4 1 1 
1 4
1 3
1 2
2 5
5 7
5 6
6 9
6 8
8 11
8 10
11 12

Graph 698_sub
12 11
1 4 1 1 2 5 2 1 4 4 1 4 
1 5
1 4
1 3
1 2
3 7
3 6
6 9
6 8
8 12
8 11
8 10

Graph 699_sub
12 11
4 1 1 4 1 4 4 1 1 4 4 5 
1 2
2 5
2 4
2 3
3 8
3 7
3 6
8 11
8 10
8 9
9 12

Graph 700_sub
12 11
2 4 1 1 2 1 1 1 2 4 1 1 
1 3
1 2
3 5
3 4
4 7
4 6
6 9
6 8
8 11
8 10
11 12

Graph 701_sub
12 11
4 1 4 1 1 1 1 1 5 1 4 5 
1 2
2 5
2 4
2 3
4 7
4 6
6 9
6 8
8 11
8 10
10 12

Graph 702_sub
12 11
1 4 1 4 4 1 1 1 1 1 5 4 
1 5
1 4
1 3
1 2
3 7
3 6
6 9
6 8
8 11
8 10
10 12

Graph 703_sub
12 12
4 1 1 5 2 2 4 1 1 6 1 2 
1 2
2 5
2 4
2 3
3 8
3 7
3 6
4 9
6 9
8 12
8 11
9 10

Graph 704_sub
12 11
4 1 4 4 2 1 1 1 1 2 1 4 
1 2
2 5
2 4
2 3
5 6
6 8
6 7
7 10
7 9
9 12
9 11

Graph 705_sub
12 11
4 5 1 1 6 6 1 4 4 5 1 1 
1 2
2 4
2 3
3 6
3 5
6 7
7 10
7 9
7 8
10 12
10 11

Graph 706_sub
12 11
4 5 5 1 1 4 1 1 4 1 4 1 
1 2
2 4
2 3
3 6
3 5
5 8
5 7
7 10
7 9
10 12
10 11

Graph 707_sub
12 12
4 1 1 1 1 4 4 1 1 4 5 5 
1 2
2 4
2 3
3 6
3 5
4 9
5 8
5 7
8 10
8 9
9 11
11 12

Graph 708_sub
12 11
4 1 4 5 4 1 1 4 4 4 6 6 
1 2
2 5
2 4
2 3
4 7
4 6
6 10
6 9
6 8
7 12
7 11

Graph 709_sub
12 12
6 2 1 1 1 1 6 1 1 1 4 1 
1 4
1 3
1 2
3 6
3 5
4 9
5 8
5 7
7 9
9 10
10 12
10 11

Graph 710_sub
12 11
1 6 1 1 1 2 1 1 1 4 1 4 
1 4
1 3
1 2
2 6
2 5
5 8
5 7
7 10
7 9
9 12
9 11

Graph 711_sub
12 11
2 1 1 2 1 1 1 4 4 1 4 1 
1 3
1 2
2 5
2 4
5 7
5 6
6 9
6 8
7 11
7 10
10 12

Graph 712_sub
12 12
4 1 1 1 4 1 4 1 1 4 1 5 
1 2
2 4
2 3
3 6
3 5
4 9
6 8
6 7
8 10
8 9
9 11
11 12

Graph 713_sub
12 11
4 1 1 1 4 1 5 1 1 2 5 4 
1 2
2 5
2 4
2 3
3 7
3 6
6 9
6 8
8 11
8 10
10 12

Graph 714_sub
12 12
1 4 1 1 4 1 4 2 1 5 5 1 
1 4
1 3
1 2
3 6
3 5
4 9
4 8
6 8
6 7
9 11
9 10
10 12

Graph 715_sub
12 11
4 1 4 1 1 4 4 1 4 4 1 1 
1 2
2 5
2 4
2 3
4 8
4 7
4 6
8 11
8 10
8 9
11 12

Graph 716_sub
12 12
5 1 1 5 6 4 5 1 1 4 5 6 
1 3
1 2
2 6
2 5
2 4
3 7
4 8
4 7
7 9
9 12
9 11
9 10

Graph 717_sub
12 12
1 1 1 4 4 1 1 1 1 4 4 4 
1 4
1 3
1 2
2 6
2 5
3 9
6 8
6 7
7 10
7 9
8 12
9 11

Graph 40210_sub
12 11
1 1 1 5 4 1 1 5 2 5 4 1 
1 4
1 3
1 2
2 6
2 5
6 8
6 7
7 10
7 9
10 12
10 11

Graph 719_sub
12 11
1 5 1 1 1 1 1 1 5 1 4 1 
1 4
1 3
1 2
2 5
5 7
5 6
6 9
6 8
8 11
8 10
10 12

Graph 720_sub
12 11
1 1 4 1 1 1 1 1 4 4 5 1 
1 4
1 3
1 2
2 6
2 5
5 8
5 7
7 11
7 10
7 9
11 12

Graph 721_sub
12 11
1 1 1 4 1 4 4 1 10 1 1 2 
1 4
1 3
1 2
2 6
2 5
5 8
5 7
8 10
8 9
9 12
9 11

Graph 722_sub
12 11
5 1 5 1 1 1 4 4 1 2 4 4 
1 3
1 2
2 5
2 4
4 7
4 6
5 12
5 11
6 9
6 8
9 10

Graph 723_sub
12 11
4 1 1 1 1 4 5 1 5 1 1 1 
1 2
2 4
2 3
3 6
3 5
5 8
5 7
7 10
7 9
9 11
11 12

Graph 724_sub
12 12
5 5 1 1 1 1 2 1 5 4 4 4 
1 3
1 2
2 5
2 4
3 8
4 7
4 6
6 9
6 8
8 10
9 12
9 11

Graph 725_sub
12 11
1 1 2 5 1 8 4 1 1 5 4 4 
1 4
1 3
1 2
2 6
2 5
5 8
5 7
8 10
8 9
9 12
9 11

Graph 726_sub
12 12
4 1 1 1 1 4 1 4 1 5 4 1 
1 2
2 4
2 3
3 6
3 5
4 9
5 8
5 7
7 10
7 9
9 11
10 12

Graph 727_sub
12 11
4 1 4 1 2 4 2 4 1 1 4 1 
1 2
2 5
2 4
2 3
4 8
4 7
4 6
7 9
9 12
9 11
9 10

Graph 728_sub
12 11
4 1 1 1 5 4 1 4 1 4 2 1 
1 2
2 5
2 4
2 3
3 8
3 7
3 6
7 11
7 10
7 9
9 12

Graph 729_sub
12 12
1 4 1 1 1 8 1 4 1 1 6 1 
1 4
1 3
1 2
3 6
3 5
4 9
5 8
5 7
7 10
7 9
9 11
11 12

Graph 730_sub
12 11
4 1 4 1 1 5 1 5 6 4 1 2 
1 2
2 5
2 4
2 3
4 7
4 6
6 8
8 10
8 9
9 12
9 11

Graph 731_sub
12 12
4 1 1 1 1 4 4 1 4 1 5 1 
1 2
2 4
2 3
3 6
3 5
4 10
5 8
5 7
8 10
8 9
10 11
11 12

Graph 732_sub
12 11
4 5 5 1 1 1 1 4 4 1 4 4 
1 2
2 4
2 3
3 6
3 5
5 9
5 8
5 7
7 12
7 11
7 10

Graph 733_sub
12 11
4 1 4 4 5 1 1 2 1 4 4 1 
1 2
2 5
2 4
2 3
5 7
5 6
6 9
6 8
9 12
9 11
9 10

Graph 734_sub
12 11
1 4 1 1 1 1 1 4 1 4 1 1 
1 5
1 4
1 3
1 2
3 7
3 6
6 9
6 8
9 11
9 10
11 12

Graph 735_sub
12 11
4 2 1 1 1 4 4 1 2 1 2 4 
1 2
2 3
3 6
3 5
3 4
4 9
4 8
4 7
8 12
8 11
8 10

Graph 736_sub
12 11
1 1 5 1 1 4 5 1 1 3 1 1 
1 4
1 3
1 2
2 6
2 5
5 8
5 7
7 10
7 9
9 12
9 11

Graph 737_sub
12 11
4 1 4 1 1 2 2 1 4 4 4 4 
1 2
2 5
2 4
2 3
4 7
4 6
5 12
7 8
8 11
8 10
8 9

Graph 738_sub
12 11
4 1 4 1 5 5 4 4 1 1 4 4 
1 2
2 5
2 4
2 3
4 8
4 7
4 6
6 10
6 9
9 12
9 11

Graph 739_sub
12 11
4 1 1 1 4 1 4 1 4 1 6 1 
1 2
2 4
2 3
3 6
3 5
6 8
6 7
8 10
8 9
10 11
11 12

Graph 740_sub
12 11
1 5 4 1 4 1 1 4 4 4 4 4 
1 5
1 4
1 3
1 2
2 7
2 6
6 10
6 9
6 8
7 12
7 11

Graph 741_sub
12 12
1 1 4 1 5 1 1 1 6 6 1 4 
1 4
1 3
1 2
2 6
2 5
5 8
5 7
7 10
7 9
8 11
9 11
11 12

Graph 742_sub
12 11
1 4 1 4 5 1 4 4 1 1 1 1 
1 5
1 4
1 3
1 2
3 8
3 7
3 6
6 10
6 9
9 12
9 11

Graph 743_sub
12 11
2 1 4 1 2 1 4 1 4 2 2 4 
1 3
1 2
2 5
2 4
4 7
4 6
6 9
6 8
8 11
8 10
10 12

Graph 744_sub
12 11
1 2 1 1 4 4 5 4 4 4 1 5 
1 5
1 4
1 3
1 2
2 6
3 9
3 8
3 7
7 11
7 10
11 12

Graph 745_sub
12 12
4 1 1 1 5 1 1 4 1 4 4 4 
1 2
2 4
2 3
3 6
3 5
4 9
5 7
6 12
6 11
7 9
7 8
9 10

Graph 746_sub
12 11
4 1 1 5 4 4 4 1 1 1 4 1 
1 2
2 5
2 4
2 3
3 8
3 7
3 6
8 10
8 9
9 12
9 11

Graph 747_sub
12 12
4 1 1 1 1 4 4 1 1 4 1 1 
1 2
2 4
2 3
3 6
3 5
4 9
5 8
5 7
8 10
8 9
9 11
11 12

Graph 748_sub
12 12
5 1 1 4 1 4 1 1 1 4 1 4 
1 3
1 2
2 5
2 4
3 8
5 7
5 6
7 9
7 8
8 10
9 12
9 11

Graph 749_sub
12 12
5 1 5 1 1 1 1 1 6 4 4 4 
1 3
1 2
2 5
2 4
3 8
4 7
4 6
6 9
6 8
7 12
8 10
9 11

Graph 750_sub
12 11
1 1 4 1 1 5 1 1 1 4 2 1 
1 4
1 3
1 2
2 6
2 5
5 8
5 7
7 10
7 9
9 11
11 12

Graph 751_sub
12 11
4 2 1 1 5 1 1 1 4 1 4 1 
1 2
2 3
3 5
3 4
4 7
4 6
6 9
6 8
8 11
8 10
10 12

Graph 752_sub
12 12
4 1 1 1 4 1 4 1 1 4 1 5 
1 2
2 4
2 3
3 6
3 5
4 9
6 8
6 7
8 10
8 9
9 11
11 12

Graph 753_sub
12 11
4 1 2 4 4 7 2 1 2 2 1 4 
1 2
2 5
2 4
2 3
3 6
6 9
6 8
6 7
8 12
8 11
8 10

Graph 754_sub
12 11
1 1 4 1 4 1 6 1 2 5 2 5 
1 4
1 3
1 2
2 6
2 5
6 8
6 7
7 11
7 10
7 9
10 12

Graph 755_sub
12 12
1 1 1 6 1 4 1 4 1 5 4 4 
1 4
1 3
1 2
2 6
2 5
3 9
5 8
5 7
7 10
7 9
9 11
10 12

Graph 756_sub
12 11
1 4 4 4 1 2 4 4 1 2 1 4 
1 5
1 4
1 3
1 2
5 8
5 7
5 6
6 9
9 11
9 10
11 12

Graph 757_sub
12 11
2 6 1 2 5 1 1 1 4 4 1 1 
1 2
2 5
2 4
2 3
3 7
3 6
6 9
6 8
8 11
8 10
11 12

Graph 758_sub
12 11
1 1 4 1 4 1 1 6 4 1 4 5 
1 4
1 3
1 2
2 6
2 5
6 8
6 7
7 10
7 9
8 12
10 11

Graph 759_sub
12 12
4 1 1 1 2 1 1 4 2 4 1 4 
1 2
2 4
2 3
3 6
3 5
5 7
6 11
6 9
7 10
7 9
7 8
11 12

Graph 760_sub
12 11
4 1 1 1 1 1 5 1 5 6 4 1 
1 2
2 4
2 3
3 6
3 5
5 8
5 7
7 9
9 11
9 10
10 12

Graph 761_sub
12 11
2 1 1 4 4 4 1 1 1 2 1 4 
1 3
1 2
2 6
2 5
2 4
3 8
3 7
7 10
7 9
9 12
9 11

Graph 762_sub
12 11
5 1 4 1 2 1 4 4 4 1 1 1 
1 4
1 3
1 2
2 6
2 5
4 11
4 10
6 9
6 8
6 7
10 12

Graph 763_sub
12 11
5 4 1 4 1 1 4 1 1 4 1 6 
1 4
1 3
1 2
3 6
3 5
5 8
5 7
8 10
8 9
9 12
9 11

Graph 764_sub
12 11
1 1 1 4 4 4 1 4 4 4 1 4 
1 5
1 4
1 3
1 2
2 8
2 7
2 6
7 11
7 10
7 9
11 12

Graph 765_sub
12 12
4 1 1 1 4 1 4 1 4 1 1 1 
1 2
2 4
2 3
3 6
3 5
4 10
6 8
6 7
8 10
8 9
10 11
11 12

Graph 766_sub
12 11
4 5 1 1 1 1 4 1 4 1 6 1 
1 2
2 4
2 3
3 6
3 5
5 8
5 7
8 10
8 9
10 12
10 11

Graph 767_sub
12 12
1 1 1 4 1 1 1 4 1 4 2 1 
1 4
1 3
1 2
2 6
2 5
3 9
5 8
5 7
7 10
7 9
9 11
11 12

Graph 768_sub
12 11
1 6 1 1 5 2 2 4 5 1 1 1 
1 4
1 3
1 2
2 7
2 6
2 5
5 9
5 8
9 10
10 12
10 11

Graph 769_sub
12 11
4 2 1 1 1 1 1 1 1 4 4 4 
1 2
2 3
3 6
3 5
3 4
4 9
4 8
4 7
7 12
7 11
7 10

Graph 770_sub
12 11
4 1 1 4 1 4 1 5 4 1 1 4 
1 2
2 4
2 3
3 6
3 5
5 8
5 7
7 10
7 9
10 12
10 11

Graph 771_sub
12 12
4 1 1 1 1 1 1 4 4 5 1 4 
1 2
2 4
2 3
3 6
3 5
4 10
5 8
5 7
6 12
6 11
7 10
7 9

Graph 772_sub
12 11
4 2 6 2 2 1 2 1 4 4 4 1 
1 2
2 3
3 6
3 5
3 4
6 9
6 8
6 7
7 10
8 12
8 11

Graph 773_sub
12 11
2 6 1 2 2 4 1 2 4 4 1 4 
1 2
2 5
2 4
2 3
3 8
3 7
3 6
7 11
7 10
7 9
11 12

Graph 774_sub
12 11
2 6 2 2 1 4 1 2 4 1 4 4 
1 2
2 5
2 4
2 3
3 6
5 9
5 8
5 7
7 12
7 11
7 10

Graph 775_sub
12 11
2 6 2 1 2 4 1 2 4 2 4 6 
1 2
2 5
2 4
2 3
3 6
4 9
4 8
4 7
7 12
7 11
7 10

Graph 776_sub
12 11
1 1 1 5 4 1 6 1 2 1 2 1 
1 4
1 3
1 2
2 6
2 5
6 8
6 7
7 11
7 10
7 9
10 12

Graph 777_sub
12 11
1 1 5 1 1 4 1 5 1 1 4 4 
1 4
1 3
1 2
2 6
2 5
5 8
5 7
7 10
7 9
9 12
9 11

Graph 778_sub
12 11
4 1 4 4 1 1 1 1 1 1 4 4 
1 2
2 5
2 4
2 3
5 7
5 6
6 9
6 8
8 12
8 11
8 10

Graph 779_sub
12 11
4 1 1 1 1 1 1 5 4 1 5 1 
1 2
2 4
2 3
3 6
3 5
5 8
5 7
7 10
7 9
10 12
10 11

Graph 780_sub
12 11
4 1 4 1 1 4 1 4 1 1 1 4 
1 2
2 5
2 4
2 3
4 8
4 7
4 6
7 11
7 10
7 9
9 12

Graph 781_sub
12 11
1 4 2 2 1 1 1 1 4 2 4 1 
1 5
1 4
1 3
1 2
3 6
6 9
6 8
6 7
7 12
7 11
7 10

Graph 782_sub
12 11
4 1 1 1 4 4 2 2 1 4 1 1 
1 2
2 5
2 4
2 3
3 8
3 7
3 6
7 9
9 12
9 11
9 10

Graph 783_sub
12 11
1 4 4 5 1 1 1 1 4 4 4 4 
1 5
1 4
1 3
1 2
4 8
4 7
4 6
6 11
6 10
6 9
7 12

Graph 784_sub
12 11
6 2 2 1 2 4 23 23 1 23 1 23 
1 5
1 4
1 3
1 2
2 6
4 9
4 8
4 7
9 12
9 11
9 10

Graph 785_sub
12 11
5 6 1 1 6 5 1 1 1 4 4 4 
1 4
1 3
1 2
2 5
5 6
6 8
6 7
7 11
7 10
7 9
9 12

Graph 786_sub
12 11
2 1 2 1 4 4 5 4 1 1 4 4 
1 2
2 4
2 3
3 5
4 8
4 7
4 6
7 10
7 9
9 12
9 11

Graph 787_sub
12 11
4 1 4 4 1 2 1 3 5 5 2 1 
1 2
2 5
2 4
2 3
5 7
5 6
6 8
8 11
8 10
8 9
9 12

Graph 788_sub
12 11
4 1 1 5 4 4 4 1 1 1 4 4 
1 2
2 5
2 4
2 3
3 8
3 7
3 6
8 11
8 10
8 9
9 12

Graph 789_sub
12 11
4 1 4 4 1 4 1 5 1 1 5 4 
1 2
2 5
2 4
2 3
5 8
5 7
5 6
7 10
7 9
9 12
9 11

Graph 790_sub
12 11
4 1 4 1 5 4 4 1 4 4 1 1 
1 2
2 5
2 4
2 3
4 8
4 7
4 6
8 11
8 10
8 9
11 12

Graph 791_sub
12 11
5 1 5 6 1 4 5 1 1 4 5 4 
1 3
1 2
2 5
2 4
4 6
5 8
5 7
7 10
7 9
9 12
9 11

Graph 792_sub
12 11
4 1 1 1 2 5 1 4 1 4 5 5 
1 2
2 5
2 4
2 3
3 8
3 7
3 6
6 10
6 9
9 12
9 11

Graph 793_sub
12 11
1 1 4 1 2 4 4 4 1 2 1 4 
1 5
1 4
1 3
1 2
2 8
2 7
2 6
4 11
4 10
4 9
9 12

Graph 794_sub
12 11
1 1 4 1 1 4 4 1 1 1 1 1 
1 4
1 3
1 2
2 6
2 5
5 8
5 7
8 10
8 9
9 12
9 11

Graph 795_sub
12 11
1 4 1 5 4 4 1 1 2 1 4 4 
1 5
1 4
1 3
1 2
3 8
3 7
3 6
7 10
7 9
10 12
10 11

Graph 796_sub
12 11
1 1 6 1 1 4 4 1 6 1 2 2 
1 4
1 3
1 2
2 6
2 5
5 8
5 7
8 10
8 9
9 12
9 11

Graph 797_sub
12 11
5 1 4 4 5 5 1 4 1 1 1 4 
1 4
1 3
1 2
2 6
2 5
5 8
5 7
7 10
7 9
9 12
9 11

Graph 798_sub
12 12
4 1 1 1 4 1 1 4 4 1 4 5 
1 2
2 4
2 3
3 6
3 5
4 12
4 10
6 8
6 7
7 10
7 9
10 11

Graph 799_sub
12 11
4 2 1 1 1 1 2 1 4 1 4 1 
1 2
2 3
3 5
3 4
4 7
4 6
6 9
6 8
8 11
8 10
10 12

Graph 800_sub
12 11
1 1 1 4 1 4 4 1 1 1 5 1 
1 4
1 3
1 2
2 6
2 5
5 8
5 7
8 10
8 9
9 12
9 11

Graph 801_sub
12 11
4 1 1 1 1 6 6 1 2 2 1 1 
1 2
2 4
2 3
3 6
3 5
5 8
5 7
7 11
7 10
7 9
11 12

Graph 802_sub
12 12
1 1 1 4 1 4 1 4 4 1 6 1 
1 4
1 3
1 2
2 6
2 5
3 10
5 8
5 7
7 10
7 9
10 11
11 12

Graph 803_sub
12 11
4 1 1 4 1 4 1 4 4 4 1 2 
1 2
2 5
2 4
2 3
3 8
3 7
3 6
7 11
7 10
7 9
11 12

Graph 804_sub
12 11
1 1 5 1 5 1 4 4 2 5 4 1 
1 4
1 3
1 2
2 6
2 5
5 8
5 7
6 10
6 9
9 11
10 12

Graph 805_sub
12 12
1 4 1 1 5 2 1 1 1 1 4 1 
1 4
1 3
1 2
3 6
3 5
4 8
5 7
7 9
7 8
8 10
10 12
10 11

Graph 806_sub
12 11
4 2 1 1 2 1 1 1 1 4 1 4 
1 2
2 3
3 5
3 4
4 7
4 6
6 9
6 8
8 11
8 10
11 12

Graph 807_sub
12 12
4 1 1 1 1 1 1 2 4 1 4 1 
1 2
2 4
2 3
3 6
3 5
4 10
5 8
5 7
7 10
7 9
8 12
10 11

Graph 808_sub
12 11
1 1 4 1 2 1 4 4 1 1 2 1 
1 4
1 3
1 2
2 6
2 5
5 7
6 9
6 8
9 11
9 10
10 12

Graph 809_sub
12 12
4 1 1 1 4 1 1 4 1 1 2 1 
1 2
2 4
2 3
3 6
3 5
4 9
6 8
6 7
7 10
7 9
9 11
11 12

Graph 810_sub
12 11
1 1 4 1 1 4 2 1 1 4 4 4 
1 4
1 3
1 2
2 6
2 5
5 8
5 7
7 9
9 12
9 11
9 10

Graph 811_sub
12 12
1 1 5 1 4 4 4 4 5 4 1 5 
1 4
1 3
1 2
2 7
2 6
2 5
3 9
3 8
4 11
9 11
9 10
11 12

Graph 812_sub
12 12
6 1 1 5 5 1 1 5 2 1 4 5 
1 3
1 2
2 5
2 4
3 6
4 6
6 7
7 9
7 8
8 10
10 12
10 11

Graph 813_sub
12 11
2 4 1 1 2 4 4 6 2 2 2 4 
1 3
1 2
3 5
3 4
4 8
4 7
4 6
8 11
8 10
8 9
10 12

Graph 814_sub
12 11
2 6 2 5 1 5 4 1 4 2 5 4 
1 2
2 5
2 4
2 3
4 7
4 6
6 9
6 8
8 11
8 10
11 12

Graph 815_sub
12 12
1 1 4 5 5 1 1 4 1 4 4 1 
1 4
1 3
1 2
2 6
2 5
4 9
5 7
6 12
6 11
7 9
7 8
9 10

Graph 816_sub
12 12
4 1 1 1 1 1 1 4 5 4 1 4 
1 2
2 4
2 3
3 6
3 5
5 8
5 7
6 11
7 10
7 9
9 11
11 12

Graph 817_sub
12 11
5 1 1 5 5 4 4 1 5 1 4 4 
1 3
1 2
2 5
2 4
4 7
4 6
5 8
8 10
8 9
9 12
9 11

Graph 818_sub
12 12
1 1 1 4 1 8 8 5 5 1 1 1 
1 4
1 3
1 2
2 6
2 5
3 9
5 8
5 7
8 9
9 10
10 12
10 11

Graph 819_sub
12 11
4 1 1 1 1 4 5 1 5 1 1 4 
1 2
2 4
2 3
3 6
3 5
5 8
5 7
7 10
7 9
9 12
9 11

Graph 820_sub
12 12
1 1 4 1 4 1 4 1 1 4 4 5 
1 4
1 3
1 2
2 6
2 5
4 12
4 9
6 8
6 7
8 10
8 9
9 11

Graph 821_sub
12 11
4 1 1 1 4 1 5 1 1 5 1 2 
1 2
2 4
2 3
3 6
3 5
6 8
6 7
7 10
7 9
9 12
9 11

Graph 822_sub
12 12
4 1 1 1 1 4 1 5 4 1 4 2 
1 2
2 4
2 3
3 6
3 5
4 10
5 8
5 7
7 10
7 9
8 12
10 11

Graph 823_sub
12 11
1 4 1 1 1 4 4 1 1 1 1 1 
1 4
1 3
1 2
3 6
3 5
5 8
5 7
8 10
8 9
9 12
9 11

Graph 824_sub
12 12
4 1 5 1 1 1 5 4 1 4 1 1 
1 2
2 4
2 3
3 5
4 9
5 7
5 6
6 9
6 8
7 12
7 11
9 10

Graph 825_sub
12 11
4 1 4 1 1 4 1 4 4 4 1 2 
1 2
2 5
2 4
2 3
4 8
4 7
4 6
7 11
7 10
7 9
11 12

Graph 826_sub
12 11
1 4 1 1 4 4 1 4 1 4 4 4 
1 5
1 4
1 3
1 2
3 8
3 7
3 6
7 11
7 10
7 9
9 12

Graph 827_sub
12 11
5 1 1 5 5 4 4 1 5 1 4 4 
1 3
1 2
2 5
2 4
4 7
4 6
5 8
8 10
8 9
9 12
9 11

Graph 828_sub
12 11
4 1 4 1 1 1 1 1 5 5 4 1 
1 2
2 5
2 4
2 3
4 7
4 6
6 9
6 8
8 12
8 11
8 10

Graph 829_sub
12 11
4 1 1 1 1 1 1 2 1 4 1 1 
1 2
2 4
2 3
3 6
3 5
5 8
5 7
7 10
7 9
9 12
9 11

Graph 830_sub
12 11
5 1 26 1 1 1 1 4 1 5 1 1 
1 4
1 3
1 2
2 6
2 5
5 8
5 7
7 10
7 9
9 12
9 11

Graph 831_sub
12 11
4 1 5 1 4 4 1 6 6 6 1 5 
1 2
2 5
2 4
2 3
3 7
3 6
7 9
7 8
9 10
10 11
11 12

Graph 832_sub
12 11
1 4 1 4 4 4 1 4 4 4 1 4 
1 5
1 4
1 3
1 2
3 8
3 7
3 6
7 11
7 10
7 9
11 12

Graph 833_sub
12 12
4 1 1 1 1 4 4 1 1 4 2 7 
1 2
2 4
2 3
3 6
3 5
4 9
5 8
5 7
8 10
8 9
9 11
11 12

Graph 834_sub
12 11
4 1 4 4 5 1 1 4 4 2 1 6 
1 2
2 5
2 4
2 3
5 7
5 6
6 10
6 9
6 8
10 11
11 12

Graph 835_sub
12 11
4 1 5 2 4 26 1 1 5 5 6 6 
1 2
2 5
2 4
2 3
3 8
3 7
3 6
6 12
6 11
6 10
6 9

Graph 836_sub
12 12
4 1 1 1 1 2 4 1 4 1 4 7 
1 2
2 4
2 3
3 6
3 5
4 10
5 8
5 7
6 12
8 10
8 9
10 11

Graph 837_sub
12 12
4 1 1 1 4 1 2 2 1 1 1 4 
1 2
2 4
2 3
3 6
3 5
4 9
6 8
6 7
8 9
9 10
10 12
10 11

Graph 838_sub
12 12
1 1 2 1 2 1 4 2 1 1 1 1 
1 4
1 3
1 2
2 6
2 5
3 10
5 7
6 9
6 8
9 11
9 10
10 12

Graph 839_sub
12 11
4 1 4 4 2 1 1 1 4 1 1 2 
1 2
2 5
2 4
2 3
5 6
6 8
6 7
7 10
7 9
10 12
10 11

Graph 840_sub
12 11
1 2 1 1 1 4 1 2 4 2 1 4 
1 4
1 3
1 2
2 5
5 8
5 7
5 6
7 11
7 10
7 9
10 12

Graph 841_sub
12 11
1 5 4 4 1 1 1 1 1 1 1 4 
1 5
1 4
1 3
1 2
2 7
2 6
6 9
6 8
8 11
8 10
10 12

Graph 842_sub
12 11
1 1 1 4 1 4 1 4 1 4 5 1 
1 4
1 3
1 2
2 6
2 5
5 8
5 7
7 10
7 9
9 11
11 12

Graph 843_sub
12 11
4 1 1 1 1 1 1 2 1 1 4 4 
1 2
2 4
2 3
3 6
3 5
5 9
5 8
5 7
7 12
7 11
7 10

Graph 844_sub
12 11
1 1 4 1 4 1 1 4 1 4 1 1 
1 5
1 4
1 3
1 2
2 7
2 6
6 9
6 8
9 11
9 10
11 12

Graph 845_sub
12 11
4 1 5 4 1 1 1 1 4 4 4 4 
1 2
2 5
2 4
2 3
3 8
3 7
3 6
6 11
6 10
6 9
7 12

Graph 846_sub
12 11
4 1 1 4 1 4 4 5 1 1 1 4 
1 2
2 5
2 4
2 3
3 8
3 7
3 6
8 11
8 10
8 9
9 12

Graph 847_sub
12 12
5 1 1 1 5 2 1 1 1 5 5 1 
1 4
1 3
1 2
2 6
2 5
3 9
5 8
5 7
7 10
7 9
9 11
11 12

Graph 848_sub
12 11
4 1 1 2 1 4 5 4 4 1 2 5 
1 2
2 5
2 4
2 3
3 8
3 7
3 6
7 10
7 9
10 12
10 11

Graph 849_sub
12 11
1 4 4 2 4 1 1 4 1 29 4 4 
1 5
1 4
1 3
1 2
4 6
6 9
6 8
6 7
7 12
7 11
7 10

Graph 850_sub
12 11
1 1 1 1 1 1 1 1 1 1 1 4 
1 4
1 3
1 2
2 6
2 5
5 8
5 7
7 10
7 9
9 12
9 11

Graph 851_sub
12 12
1 4 1 1 1 4 1 4 1 4 6 1 
1 4
1 3
1 2
3 6
3 5
4 9
5 8
5 7
7 10
7 9
9 11
11 12

Graph 852_sub
12 11
1 1 1 4 4 1 4 1 5 1 1 4 
1 4
1 3
1 2
2 6
2 5
6 8
6 7
8 10
8 9
9 12
9 11

Graph 853_sub
12 12
4 1 1 1 4 4 2 1 1 2 1 1 
1 2
2 5
2 4
2 3
3 8
3 7
3 6
7 9
8 11
9 11
9 10
11 12

Graph 854_sub
12 11
1 4 1 1 4 4 1 4 4 4 1 5 
1 5
1 4
1 3
1 2
3 8
3 7
3 6
7 11
7 10
7 9
11 12

Graph 855_sub
12 11
1 1 4 4 1 4 4 1 1 4 4 1 
1 5
1 4
1 3
1 2
2 8
2 7
2 6
8 11
8 10
8 9
9 12

Graph 856_sub
12 12
1 1 1 4 4 1 4 1 4 1 4 1 
1 4
1 3
1 2
2 6
2 5
3 12
3 10
6 8
6 7
8 10
8 9
10 11

Graph 857_sub
12 11
1 4 4 1 1 1 4 4 4 4 1 5 
1 5
1 4
1 3
1 2
4 8
4 7
4 6
6 11
6 10
6 9
11 12

Graph 858_sub
12 11
1 4 4 4 1 1 4 1 1 4 2 1 
1 5
1 4
1 3
1 2
5 8
5 7
5 6
6 11
6 10
6 9
9 12

Graph 859_sub
12 11
1 4 29 4 4 5 1 4 5 5 4 4 
1 5
1 4
1 3
1 2
3 6
6 8
6 7
7 10
7 9
9 11
10 12

Graph 860_sub
12 12
1 1 1 5 2 5 4 1 5 2 4 1 
1 4
1 3
1 2
2 6
2 5
3 12
3 9
5 7
6 8
8 10
8 9
10 11

Graph 861_sub
12 11
1 4 1 4 4 2 1 1 1 1 1 4 
1 5
1 4
1 3
1 2
3 7
3 6
7 9
7 8
8 11
8 10
10 12

Graph 862_sub
12 11
1 1 4 1 2 2 1 1 1 1 4 1 
1 4
1 3
1 2
2 6
2 5
6 7
7 9
7 8
8 11
8 10
10 12

Graph 863_sub
12 12
5 1 1 2 1 4 1 5 4 5 4 6 
1 3
1 2
2 5
2 4
3 10
4 6
5 8
5 7
7 10
7 9
8 12
8 11

Graph 864_sub
12 12
1 4 1 1 1 4 4 1 1 5 1 2 
1 4
1 3
1 2
3 6
3 5
4 9
5 8
5 7
8 10
8 9
9 11
11 12

Graph 865_sub
12 11
5 1 5 1 6 1 1 1 5 1 4 1 
1 3
1 2
2 5
2 4
4 7
4 6
6 9
6 8
8 11
8 10
10 12

Graph 866_sub
12 11
4 1 1 1 4 1 1 1 1 1 1 4 
1 2
2 4
2 3
3 6
3 5
6 8
6 7
7 11
7 10
7 9
9 12

Graph 867_sub
12 11
4 1 5 1 4 1 1 4 4 1 4 1 
1 2
2 5
2 4
2 3
3 7
3 6
6 10
6 9
6 8
10 12
10 11

Graph 868_sub
12 11
1 1 4 4 4 1 1 1 4 1 4 1 
1 5
1 4
1 3
1 2
2 7
2 6
6 9
6 8
8 11
8 10
10 12

Graph 869_sub
12 12
5 1 1 1 5 4 1 1 5 5 1 4 
1 4
1 3
1 2
2 6
2 5
4 7
5 7
7 8
8 10
8 9
9 11
11 12

Graph 870_sub
12 11
4 1 1 2 4 1 1 1 4 1 1 5 
1 2
2 5
2 4
2 3
3 7
3 6
6 9
6 8
8 11
8 10
10 12

Graph 871_sub
12 12
1 1 1 11 1 4 4 1 1 2 1 2 
1 4
1 3
1 2
2 6
2 5
3 9
5 8
5 7
8 10
8 9
9 11
11 12

Graph 872_sub
12 11
1 4 1 1 1 4 6 1 1 1 1 1 
1 4
1 3
1 2
3 6
3 5
5 8
5 7
7 9
9 11
9 10
10 12

Graph 873_sub
12 11
4 1 1 1 1 5 1 4 4 1 5 4 
1 2
2 4
2 3
3 6
3 5
5 8
5 7
7 10
7 9
10 11
11 12

Graph 874_sub
12 11
4 1 5 1 1 4 1 5 5 4 4 4 
1 2
2 5
2 4
2 3
3 7
3 6
7 9
7 8
8 10
9 12
9 11

Graph 875_sub
12 12
4 1 1 1 1 5 4 1 4 1 4 2 
1 2
2 4
2 3
3 6
3 5
4 10
5 8
5 7
6 12
8 10
8 9
10 11

Graph 876_sub
12 12
1 1 1 4 1 4 1 5 4 1 4 2 
1 4
1 3
1 2
2 6
2 5
3 10
5 8
5 7
7 10
7 9
8 12
10 11

Graph 877_sub
12 12
5 1 1 1 5 4 1 4 1 1 4 4 
1 3
1 2
2 5
2 4
3 9
4 7
4 6
7 9
7 8
9 10
10 12
10 11

Graph 878_sub
12 11
4 1 4 4 1 1 1 4 1 5 5 1 
1 2
2 5
2 4
2 3
5 7
5 6
6 9
6 8
9 11
9 10
10 12

Graph 879_sub
12 11
4 5 1 1 5 1 1 1 1 4 4 4 
1 2
2 4
2 3
3 6
3 5
5 7
7 9
7 8
8 12
8 11
8 10

Graph 880_sub
12 11
6 1 5 5 1 4 1 5 1 1 4 4 
1 2
2 4
2 3
3 6
3 5
5 8
5 7
7 10
7 9
9 12
9 11

Graph 881_sub
7 6
6 2 2 2 2 4 4 
1 5
1 4
1 3
1 2
2 6
4 7

Graph 882_sub
12 11
1 5 5 5 4 1 1 1 4 1 4 1 
1 4
1 3
1 2
2 6
2 5
6 8
6 7
7 10
7 9
10 12
10 11

Graph 883_sub
12 11
1 5 5 5 4 1 1 1 1 4 4 1 
1 4
1 3
1 2
2 6
2 5
6 8
6 7
7 10
7 9
9 12
9 11

Graph 884_sub
12 11
4 1 1 1 1 4 1 1 1 5 1 4 
1 2
2 4
2 3
3 6
3 5
5 8
5 7
7 10
7 9
9 12
9 11

Graph 885_sub
12 11
4 1 4 5 4 1 1 1 4 4 1 4 
1 2
2 5
2 4
2 3
4 8
4 7
4 6
6 11
6 10
6 9
11 12

Graph 886_sub
12 11
4 1 1 4 5 1 4 4 1 1 4 5 
1 2
2 5
2 4
2 3
3 8
3 7
3 6
6 9
9 10
10 12
10 11

Graph 887_sub
12 12
1 5 1 1 1 1 4 5 1 4 4 1 
1 4
1 3
1 2
2 6
2 5
4 8
5 8
5 7
6 11
6 10
6 9
9 12

Graph 888_sub
12 11
1 6 6 6 6 1 5 6 1 4 4 4 
1 4
1 3
1 2
3 5
5 6
6 8
6 7
7 10
7 9
9 12
9 11

Graph 889_sub
12 11
1 4 1 4 5 4 4 5 4 1 6 6 
1 5
1 4
1 3
1 2
3 8
3 7
3 6
8 10
8 9
10 12
10 11

Graph 890_sub
12 11
4 1 4 4 1 1 4 2 4 4 4 1 
1 2
2 5
2 4
2 3
5 8
5 7
5 6
6 11
6 10
6 9
8 12

Graph 891_sub
12 11
4 5 1 1 6 6 6 1 2 6 1 4 
1 2
2 4
2 3
3 6
3 5
6 7
7 8
8 10
8 9
9 11
11 12

Graph 892_sub
12 12
4 1 4 5 5 1 1 6 6 1 4 4 
1 2
2 5
2 4
2 3
4 7
4 6
5 10
6 9
6 8
9 10
10 12
10 11

Graph 893_sub
12 11
1 4 1 4 1 4 1 4 4 1 4 4 
1 5
1 4
1 3
1 2
3 8
3 7
3 6
7 11
7 10
7 9
10 12

Graph 894_sub
12 11
1 1 2 2 4 4 4 1 1 1 1 11 
1 4
1 3
1 2
2 7
2 6
2 5
4 8
8 10
8 9
9 12
9 11

Graph 895_sub
12 11
4 1 5 4 4 1 1 4 1 1 1 1 
1 2
2 5
2 4
2 3
3 7
3 6
6 10
6 9
6 8
9 12
9 11

Graph 896_sub
12 11
1 1 4 1 4 1 6 1 2 2 2 1 
1 4
1 3
1 2
2 6
2 5
6 8
6 7
7 11
7 10
7 9
11 12

Graph 897_sub
12 12
5 3 1 1 2 5 2 1 2 1 1 4 
1 4
1 3
1 2
2 7
2 6
2 5
3 8
5 8
6 11
6 10
8 9
10 12

Graph 898_sub
12 12
1 4 1 1 1 4 1 1 1 4 4 1 
1 4
1 3
1 2
3 6
3 5
4 9
5 8
5 7
7 10
7 9
8 12
9 11

Graph 899_sub
12 12
8 1 1 1 1 5 4 1 4 1 4 2 
1 2
2 4
2 3
3 6
3 5
4 10
5 8
5 7
6 12
8 10
8 9
10 11

Graph 900_sub
12 11
5 1 1 1 4 4 4 4 4 1 4 4 
1 4
1 3
1 2
2 7
2 6
2 5
3 10
3 9
3 8
10 12
10 11

Graph 901_sub
12 12
4 1 1 1 1 2 4 1 1 1 4 1 
1 2
2 4
2 3
3 6
3 5
4 9
5 8
5 7
8 10
8 9
9 11
10 12

Graph 902_sub
12 11
4 1 1 1 1 1 1 1 1 4 4 1 
1 2
2 4
2 3
3 6
3 5
5 9
5 8
5 7
7 12
7 11
7 10

Graph 903_sub
12 11
4 1 4 2 4 1 1 1 2 1 1 4 
1 2
2 5
2 4
2 3
4 6
6 8
6 7
7 10
7 9
9 11
11 12

Graph 904_sub
12 11
1 1 4 1 1 1 1 2 4 1 4 2 
1 4
1 3
1 2
2 6
2 5
5 9
5 8
5 7
7 12
7 11
7 10

Graph 905_sub
12 12
4 1 1 1 4 1 1 1 4 1 4 4 
1 2
2 4
2 3
3 6
3 5
4 10
6 8
6 7
7 10
7 9
8 12
10 11

Graph 906_sub
12 11
1 1 1 1 1 2 2 1 4 1 4 4 
1 5
1 4
1 3
1 2
2 7
2 6
7 8
8 11
8 10
8 9
10 12

Graph 907_sub
12 11
1 5 2 1 5 4 1 1 2 1 4 4 
1 4
1 3
1 2
2 6
2 5
5 8
5 7
7 10
7 9
8 12
10 11

Graph 908_sub
12 12
1 1 5 1 1 4 4 1 1 11 4 1 
1 4
1 3
1 2
2 6
2 5
3 12
4 9
5 8
5 7
8 10
8 9
9 11

Graph 909_sub
12 12
1 1 1 5 1 4 4 1 4 1 4 4 
1 4
1 3
1 2
2 6
2 5
3 12
3 10
5 8
5 7
8 10
8 9
10 11

Graph 910_sub
12 11
2 5 1 2 1 1 5 1 1 5 1 2 
1 2
2 4
2 3
3 6
3 5
5 8
5 7
7 10
7 9
9 12
9 11

Graph 911_sub
12 11
4 1 4 4 1 4 4 2 1 1 2 1 
1 2
2 5
2 4
2 3
5 8
5 7
5 6
8 9
9 11
9 10
10 12

Graph 912_sub
12 11
4 1 4 4 1 1 1 1 4 1 4 1 
1 2
2 5
2 4
2 3
5 7
5 6
6 9
6 8
8 11
8 10
10 12

Graph 913_sub
12 11
4 1 1 4 1 1 4 4 1 1 1 1 
1 2
2 5
2 4
2 3
3 8
3 7
3 6
6 10
6 9
9 12
9 11

Graph 914_sub
12 11
6 2 6 2 1 1 4 4 4 4 4 4 
1 5
1 4
1 3
1 2
3 6
5 12
5 11
5 10
6 9
6 8
6 7

Graph 915_sub
12 11
2 1 1 1 1 1 4 4 4 4 4 4 
1 3
1 2
2 6
2 5
2 4
4 9
4 8
4 7
5 12
5 11
5 10

Graph 916_sub
12 11
1 1 2 1 1 1 1 2 1 1 1 4 
1 4
1 3
1 2
2 6
2 5
5 8
5 7
7 10
7 9
9 12
9 11

Graph 917_sub
12 11
4 1 1 1 5 1 5 1 1 1 5 5 
1 2
2 4
2 3
3 6
3 5
5 7
7 8
8 10
8 9
9 12
9 11

Graph 918_sub
12 13
4 1 1 1 1 4 1 5 5 1 17 4 
1 2
2 4
2 3
3 6
3 5
4 10
5 8
5 7
7 10
7 9
8 11
9 11
10 12

Graph 919_sub
12 11
1 1 4 4 1 1 4 4 1 4 4 4 
1 5
1 4
1 3
1 2
2 8
2 7
2 6
6 11
6 10
6 9
9 12

Graph 920_sub
12 11
4 1 1 4 4 2 4 4 1 2 1 2 
1 2
2 5
2 4
2 3
3 8
3 7
3 6
6 9
9 11
9 10
11 12

Graph 921_sub
12 11
5 1 5 4 4 1 1 1 4 4 1 1 
1 4
1 3
1 2
2 7
2 6
2 5
6 10
6 9
6 8
8 12
8 11

Graph 922_sub
12 11
4 5 1 1 4 1 1 1 4 4 1 1 
1 2
2 4
2 3
3 7
3 6
3 5
6 10
6 9
6 8
8 12
8 11

Graph 923_sub
12 11
2 1 1 1 2 4 4 4 1 4 1 4 
1 3
1 2
2 5
2 4
3 11
3 10
3 9
4 8
4 7
4 6
9 12

Graph 924_sub
12 11
4 1 1 1 4 1 1 1 1 1 4 1 
1 2
2 4
2 3
3 6
3 5
6 8
6 7
7 11
7 10
7 9
9 12

Graph 925_sub
12 11
2 1 1 2 6 4 1 27 6 6 1 1 
1 2
2 4
2 3
3 7
3 6
3 5
5 8
8 10
8 9
9 11
11 12

Graph 926_sub
12 12
4 5 3 1 5 5 5 1 4 5 5 4 
1 2
2 4
2 3
3 7
3 6
3 5
4 10
5 9
5 8
8 11
8 10
10 12

Graph 927_sub
12 12
2 3 1 2 5 5 1 1 2 4 1 1 
1 3
1 2
2 6
2 5
2 4
4 7
5 8
7 9
7 8
8 11
8 10
11 12

Graph 928_sub
12 11
5 1 1 1 1 4 4 4 4 1 4 1 
1 4
1 3
1 2
2 7
2 6
2 5
5 10
5 9
5 8
10 12
10 11

Graph 929_sub
12 11
4 1 1 4 21 4 1 4 4 4 1 4 
1 2
2 5
2 4
2 3
3 8
3 7
3 6
7 11
7 10
7 9
11 12

Graph 930_sub
12 11
1 1 4 1 1 4 1 1 5 1 5 1 
1 4
1 3
1 2
2 6
2 5
5 8
5 7
7 10
7 9
9 11
11 12

Graph 931_sub
12 11
1 1 4 1 1 1 1 2 1 5 5 1 
1 4
1 3
1 2
2 6
2 5
5 8
5 7
7 10
7 9
9 12
9 11

Graph 932_sub
12 11
1 6 5 6 1 6 2 1 5 6 1 1 
1 4
1 3
1 2
2 5
5 7
5 6
6 8
8 10
8 9
9 11
11 12

Graph 933_sub
12 11
2 6 4 2 2 2 1 4 4 1 4 4 
1 3
1 2
2 6
2 5
2 4
4 7
7 10
7 9
7 8
10 12
10 11

Graph 934_sub
12 12
1 1 1 4 4 1 1 4 1 4 5 1 
1 4
1 3
1 2
2 6
2 5
3 9
6 8
6 7
7 10
7 9
9 11
11 12

Graph 935_sub
12 11
4 2 1 1 1 1 1 1 5 1 1 5 
1 2
2 3
3 5
3 4
4 7
4 6
6 9
6 8
8 11
8 10
10 12

Graph 936_sub
12 12
1 4 1 1 4 1 4 1 4 1 4 1 
1 4
1 3
1 2
3 6
3 5
4 12
4 10
6 8
6 7
8 10
8 9
10 11

Graph 937_sub
12 11
4 1 1 4 4 5 1 5 1 1 4 5 
1 2
2 5
2 4
2 3
3 7
3 6
6 9
6 8
8 11
8 10
10 12

Graph 938_sub
12 12
1 1 1 2 1 1 1 4 4 1 2 4 
1 4
1 3
1 2
2 6
2 5
3 10
5 8
5 7
7 10
7 9
10 11
11 12

Graph 939_sub
12 11
4 1 1 1 5 1 1 5 1 2 1 4 
1 2
2 4
2 3
3 6
3 5
5 8
5 7
7 10
7 9
9 12
9 11

Graph 940_sub
12 11
4 5 1 4 5 5 4 1 4 4 1 1 
1 2
2 4
2 3
3 6
3 5
5 7
6 9
6 8
8 12
8 11
8 10

Graph 941_sub
12 11
4 1 1 4 1 4 6 4 2 2 2 4 
1 2
2 5
2 4
2 3
3 8
3 7
3 6
7 11
7 10
7 9
9 12

Graph 942_sub
12 11
1 1 1 11 4 2 1 1 1 1 1 1 
1 5
1 4
1 3
1 2
2 7
2 6
7 10
7 9
7 8
8 12
8 11

Graph 943_sub
12 13
5 1 1 1 8 1 5 5 5 1 4 8 
1 3
1 2
2 5
2 4
3 8
4 7
4 6
6 9
6 8
7 10
9 11
9 10
10 12

Graph 944_sub
12 11
5 1 4 1 1 1 1 1 1 1 1 1 
1 4
1 3
1 2
2 6
2 5
5 8
5 7
7 10
7 9
9 12
9 11

Graph 945_sub
12 12
4 1 4 1 1 4 1 4 4 2 4 4 
1 2
2 5
2 4
2 3
4 8
4 7
4 6
5 12
5 10
7 11
7 10
7 9

Graph 946_sub
12 12
5 1 1 7 4 4 1 4 2 4 1 4 
1 4
1 3
1 2
2 7
2 6
2 5
3 11
7 10
7 9
7 8
9 11
11 12

Graph 947_sub
12 11
4 1 1 4 5 5 1 4 7 1 2 2 
1 2
2 5
2 4
2 3
3 8
3 7
3 6
6 10
6 9
9 12
9 11

Graph 948_sub
12 12
6 1 1 4 4 1 5 2 5 4 4 6 
1 3
1 2
2 6
2 5
2 4
3 12
3 7
6 8
6 7
7 9
9 11
9 10

Graph 949_sub
12 11
1 4 1 1 4 1 1 1 1 5 4 4 
1 4
1 3
1 2
3 6
3 5
6 8
6 7
7 10
7 9
9 12
9 11

Graph 950_sub
12 11
4 1 4 1 4 1 1 1 4 4 6 2 
1 2
2 5
2 4
2 3
4 8
4 7
4 6
6 11
6 10
6 9
11 12

Graph 951_sub
12 11
4 1 1 4 6 1 4 4 4 4 1 4 
1 2
2 5
2 4
2 3
3 8
3 7
3 6
6 11
6 10
6 9
11 12

Graph 952_sub
12 12
1 4 1 1 4 1 1 5 4 1 4 1 
1 4
1 3
1 2
3 6
3 5
4 10
6 8
6 7
7 10
7 9
8 12
10 11

Graph 953_sub
12 11
1 1 1 1 5 1 1 4 1 1 4 2 
1 4
1 3
1 2
2 5
3 7
3 6
6 9
6 8
9 11
9 10
10 12

Graph 954_sub
12 11
1 1 1 1 4 1 4 1 2 1 1 4 
1 4
1 3
1 2
2 6
2 5
6 8
6 7
8 10
8 9
9 11
11 12

Graph 955_sub
12 11
4 1 1 4 1 4 5 4 4 1 1 1 
1 2
2 5
2 4
2 3
3 8
3 7
3 6
7 10
7 9
10 12
10 11

Graph 956_sub
12 11
1 4 5 1 4 4 5 1 1 4 1 4 
1 5
1 4
1 3
1 2
3 7
3 6
7 9
7 8
8 12
8 11
8 10

Graph 957_sub
12 11
6 1 5 6 4 5 4 1 2 1 1 1 
1 2
2 4
2 3
3 6
3 5
6 8
6 7
8 10
8 9
10 12
10 11

Graph 958_sub
12 11
4 1 1 4 1 4 4 4 2 4 4 1 
1 2
2 5
2 4
2 3
3 8
3 7
3 6
5 11
5 10
5 9
9 12

Graph 959_sub
12 11
1 1 4 4 4 4 1 1 4 4 2 1 
1 5
1 4
1 3
1 2
2 8
2 7
2 6
7 11
7 10
7 9
11 12

Graph 960_sub
12 11
4 2 1 1 2 5 1 4 4 1 1 2 
1 2
2 3
3 5
3 4
4 8
4 7
4 6
6 10
6 9
10 12
10 11

Graph 961_sub
12 13
4 1 1 2 1 1 4 2 4 2 1 4 
1 2
2 5
2 4
2 3
3 7
3 6
3 4
5 8
6 10
6 9
6 8
10 11
11 12

Graph 962_sub
12 12
1 2 5 5 1 4 1 2 1 4 4 1 
1 4
1 3
1 2
3 6
3 5
4 12
4 9
5 8
5 7
7 10
7 9
9 11

Graph 963_sub
12 12
2 1 1 4 4 1 4 4 1 11 1 1 
1 3
1 2
2 6
2 5
2 4
3 9
6 9
6 8
6 7
9 11
9 10
11 12

Graph 964_sub
12 11
1 4 1 1 1 1 1 2 4 4 1 4 
1 5
1 4
1 3
1 2
3 8
3 7
3 6
6 11
6 10
6 9
11 12

Graph 965_sub
12 11
4 1 4 1 5 1 1 1 4 4 1 1 
1 2
2 5
2 4
2 3
4 7
4 6
6 9
6 8
8 11
8 10
11 12

Graph 966_sub
12 12
1 1 4 1 1 1 4 1 1 4 4 1 
1 4
1 3
1 2
2 6
2 5
4 9
5 8
5 7
6 12
8 10
8 9
9 11

Graph 967_sub
12 11
4 1 1 1 1 4 4 5 4 1 4 1 
1 2
2 5
2 4
2 3
3 8
3 7
3 6
8 10
8 9
10 12
10 11

Graph 968_sub
12 12
1 1 1 5 4 4 2 1 1 1 1 1 
1 5
1 4
1 3
1 2
2 8
2 7
2 6
3 9
7 9
9 11
9 10
10 12

Graph 969_sub
12 11
4 1 1 1 1 4 4 1 4 1 1 2 
1 2
2 5
2 4
2 3
3 8
3 7
3 6
8 11
8 10
8 9
10 12

Graph 970_sub
12 11
4 1 4 4 1 1 1 4 4 2 4 4 
1 2
2 5
2 4
2 3
5 7
5 6
6 9
6 8
7 12
7 11
7 10

Graph 971_sub
12 11
4 1 4 4 1 1 1 4 4 4 4 2 
1 2
2 5
2 4
2 3
5 7
5 6
6 9
6 8
7 12
7 11
7 10

Graph 972_sub
12 11
1 4 1 4 4 1 4 2 4 1 2 1 
1 4
1 3
1 2
3 6
3 5
6 9
6 8
6 7
8 10
10 12
10 11

Graph 33749_sub
12 11
1 1 1 4 1 1 1 1 1 1 1 4 
1 4
1 3
1 2
2 6
2 5
5 8
5 7
7 10
7 9
9 12
9 11

Graph 974_sub
12 11
1 4 1 4 1 4 4 4 4 1 4 2 
1 5
1 4
1 3
1 2
3 8
3 7
3 6
5 11
5 10
5 9
10 12

Graph 975_sub
12 12
1 1 1 1 6 4 6 4 1 4 1 1 
1 4
1 3
1 2
2 6
2 5
3 10
3 9
3 8
4 7
5 7
9 12
9 11

Graph 976_sub
12 11
4 2 5 1 1 1 1 4 4 4 1 4 
1 2
2 3
3 4
4 6
4 5
5 9
5 8
5 7
7 12
7 11
7 10

Graph 977_sub
12 11
2 1 1 2 1 1 1 5 4 4 4 1 
1 2
2 4
2 3
3 6
3 5
5 8
5 7
7 11
7 10
7 9
8 12

Graph 978_sub
12 11
1 1 1 4 4 1 1 5 6 1 1 1 
1 4
1 3
1 2
2 6
2 5
6 8
6 7
7 10
7 9
9 11
11 12

Graph 979_sub
12 11
1 2 4 4 4 1 1 1 1 4 2 1 
1 5
1 4
1 3
1 2
2 6
6 8
6 7
7 10
7 9
9 12
9 11

Graph 980_sub
12 11
4 1 4 6 1 2 2 2 4 4 4 5 
1 2
2 5
2 4
2 3
4 8
4 7
4 6
5 12
5 11
5 10
7 9

Graph 981_sub
12 11
4 1 4 1 1 4 4 1 4 4 1 4 
1 2
2 5
2 4
2 3
4 8
4 7
4 6
8 11
8 10
8 9
11 12

Graph 982_sub
12 11
4 1 2 2 1 1 1 1 4 4 4 4 
1 2
2 5
2 4
2 3
3 6
6 9
6 8
6 7
7 12
7 11
7 10

Graph 983_sub
12 12
4 1 4 5 1 1 4 6 5 4 4 4 
1 2
2 5
2 4
2 3
4 7
4 6
5 12
5 11
5 8
6 9
6 8
9 10

Graph 984_sub
12 11
1 5 2 1 4 1 2 1 4 1 4 2 
1 4
1 3
1 2
2 6
2 5
6 8
6 7
8 11
8 10
8 9
10 12

Graph 985_sub
12 12
1 1 1 5 1 4 4 1 1 1 1 4 
1 4
1 3
1 2
2 7
2 6
2 5
4 10
5 9
5 8
8 11
8 10
10 12

Graph 986_sub
12 12
1 1 2 2 1 5 4 4 6 1 4 4 
1 4
1 3
1 2
2 6
2 5
5 9
5 8
5 7
6 10
9 10
10 12
10 11

Graph 987_sub
12 11
4 1 1 4 1 1 4 4 4 5 4 5 
1 2
2 5
2 4
2 3
3 8
3 7
3 6
6 11
6 10
6 9
10 12

Graph 988_sub
12 12
1 1 1 1 1 4 1 2 1 2 2 1 
1 4
1 3
1 2
2 6
2 5
4 9
5 8
5 7
7 10
7 9
9 11
11 12

Graph 989_sub
12 11
1 1 1 4 1 2 4 1 4 1 1 4 
1 5
1 4
1 3
1 2
2 8
2 7
2 6
6 9
8 11
8 10
10 12

Graph 990_sub
12 11
4 1 1 1 1 1 1 1 4 1 1 4 
1 2
2 4
2 3
3 6
3 5
5 9
5 8
5 7
7 12
7 11
7 10

Graph 2219_sub
12 11
1 4 4 1 4 4 4 5 1 1 4 1 
1 5
1 4
1 3
1 2
4 8
4 7
4 6
8 10
8 9
9 12
9 11

Graph 992_sub
12 12
4 1 1 1 1 1 1 2 4 1 2 4 
1 2
2 4
2 3
3 6
3 5
4 10
5 8
5 7
7 10
7 9
10 11
11 12

Graph 993_sub
12 11
1 8 1 1 1 11 1 4 2 1 1 2 
1 4
1 3
1 2
3 6
3 5
5 8
5 7
7 10
7 9
9 11
11 12

Graph 994_sub
12 11
4 1 1 1 8 1 1 4 4 1 1 1 
1 2
2 4
2 3
3 6
3 5
6 8
6 7
7 10
7 9
10 11
11 12

Graph 995_sub
12 11
11 1 4 4 1 4 1 4 2 5 1 1 
1 2
2 5
2 4
2 3
5 8
5 7
5 6
7 10
7 9
10 12
10 11

Graph 996_sub
12 11
4 1 4 4 1 4 5 4 1 1 4 4 
1 2
2 5
2 4
2 3
5 8
5 7
5 6
7 10
7 9
9 12
9 11

Graph 997_sub
12 12
1 4 1 1 4 1 4 1 1 1 1 1 
1 4
1 3
1 2
3 6
3 5
4 9
6 8
6 7
8 10
8 9
9 11
11 12

Graph 998_sub
12 11
4 1 1 1 4 1 1 1 1 1 4 1 
1 2
2 4
2 3
3 6
3 5
6 8
6 7
7 11
7 10
7 9
9 12

Graph 999_sub
12 11
2 1 1 2 1 1 1 1 2 4 1 1 
1 2
2 4
2 3
3 7
3 6
3 5
5 10
5 9
5 8
8 12
8 11

Graph 1000_sub
12 11
4 1 1 1 4 4 4 1 4 4 1 4 
1 2
2 5
2 4
2 3
3 8
3 7
3 6
8 11
8 10
8 9
11 12

