8 8
1 4 1 1 4 4 4 4 
1 5
1 4
1 3
1 2
3 7
3 6
3 4
4 8

59 61
7 5 5 5 6 1 1 1 1 1 1 1 1 1 1 1 1 1 1 1 1 1 1 4 4 4 4 4 4 4 4 4 4 4 4 4 4 4 4 4 4 4 4 4 4 4 4 4 4 4 4 4 4 4 4 4 4 4 4 
1 2
1 3
1 4
1 5
2 6
2 24
3 7
3 25
4 8
4 26
6 9
6 10
6 27
7 11
7 12
7 28
8 13
8 14
8 29
9 15
9 30
9 31
10 16
10 32
10 33
11 17
11 34
11 35
12 18
12 36
12 37
13 19
13 38
13 39
14 20
14 40
14 41
15 21
15 42
15 43
16 21
16 44
16 45
17 22
17 46
17 47
18 22
18 48
18 49
19 23
19 50
19 51
20 23
20 52
20 53
21 54
21 55
22 56
22 57
23 58
23 59